Volkerak_spuisluizen_gat2_gat3
* Q in miljoen m3 per dag
* period 2010 t/m 2018
*DATUM WAARDE
20100101 1.4987
20100102 0.0199
20100103 1.2585
20100104 0.5583
20100105 0.2087
20100106 0.142
20100107 0.0938
20100108 0.0586
20100109 1.9525
20100110 0.0589
20100111 0.0684
20100112 0.0291
20100113 1.9372
20100114 0.0214
20100115 0.0643
20100116 1.5293
20100117 0.1787
20100118 0.2064
20100119 0.1253
20100120 0.0024
20100121 0.0182
20100122 0.0354
20100123 0.0318
20100124 0.0298
20100125 1.9482
20100126 1.81
20100127 0.1179
20100128 0.1179
20100129 0.0891
20100130 0.0749
20100131 0.0766
20100201 0.0545
20100202 0.1384
20100203 0.0628
20100204 0.0165
20100205 0.831
20100206 0.7315
20100207 1.2037
20100208 1.6446
20100209 1.705
20100210 1.6422
20100211 1.8894
20100212 1.909
20100213 1.838
20100214 1.6482
20100215 1.0556
20100216 0.0258
20100217 1.9066
20100218 0.019
20100219 0.1538
20100220 0.1352
20100221 0.0686
20100222 0.796
20100223 0.4758
20100224 0.7425
20100225 0.0402
20100226 0.1869
20100227 0.1
20100228 0.0721
20100301 0.2397
20100302 0.0551
20100303 1.6651
20100304 1.8717
20100305 0.0248
20100306 1.5537
20100307 1.9236
20100308 1.8448
20100309 1.9427
20100310 1.7904
20100311 1.7981
20100312 1.8268
20100313 1.512
20100314 1.4494
20100315 0.0288
20100316 1.2412
20100317 1.6048
20100318 1.5455
20100319 0.2876
20100320 0.95
20100321 0.7546
20100322 0.0205
20100323 1.3563
20100324 0.8668
20100325 0.7056
20100326 0.1575
20100327 0.2104
20100328 0.2183
20100329 0.8875
20100330 0.0973
20100331 0.1399
20100401 0.2374
20100402 0.034
20100403 1.2952
20100404 0.996
20100405 1.5324
20100406 0.4818
20100407 0.7769
20100408 2.0538
20100409 2.4813
20100410 3.8028
20100411 4.4197
20100412 4.1944
20100413 4.3478
20100414 4.1464
20100415 1.4769
20100416 3.6414
20100417 4.8252
20100418 4.7313
20100419 3.5655
20100420 2.7389
20100421 1.1548
20100422 1.9333
20100423 1.7234
20100424 1.5604
20100425 3.0513
20100426 5.7795
20100427 5.4891
20100428 4.9845
20100429 4.3112
20100430 2.4443
20100501 3.3701
20100502 1.8869
20100503 1.3822
20100504 2.1904
20100505 3.0612
20100506 3.137
20100507 3.4688
20100508 3.5736
20100509 3.8524
20100510 3.3242
20100511 2.5213
20100512 3.0079
20100513 3.0724
20100514 4.2458
20100515 2.0346
20100516 4.1316
20100517 1.9332
20100518 0.6109
20100519 0.5025
20100520 0.5353
20100521 0.4948
20100522 0.5768
20100523 0.5314
20100524 0.5159
20100525 0.6458
20100526 0.5911
20100527 2.0883
20100528 4.6739
20100529 3.8572
20100530 0.2877
20100531 1.6261
20100601 0.5583
20100602 1.5912
20100603 1.6971
20100604 1.8847
20100605 1.953
20100606 0.0467
20100607 0.0754
20100608 0.7085
20100609 0.061
20100610 1.676
20100611 1.056
20100612 0.528
20100613 0.1588
20100614 1.3267
20100615 1.5481
20100616 1.4674
20100617 1.7367
20100618 2.4511
20100619 1.3081
20100620 1.2814
20100621 2.2069
20100622 2.5555
20100623 2.6437
20100624 2.666
20100625 2.5565
20100626 2.7493
20100627 1.9731
20100628 2.4797
20100629 1.6994
20100630 3.9763
20100701 4.3238
20100702 3.6502
20100703 1.3698
20100704 2.4948
20100705 0.6677
20100706 0.7686
20100707 0.248
20100708 0.1465
20100709 0.2791
20100710 0.1588
20100711 0.2606
20100712 1.9452
20100713 2.0656
20100714 2.5432
20100715 2.3915
20100716 1.9764
20100717 2.205
20100718 0.9706
20100719 1.8234
20100720 1.7841
20100721 1.9148
20100722 2.7913
20100723 1.7214
20100724 2.3703
20100725 2.4632
20100726 3.1383
20100727 0.5169
20100728 1.3113
20100729 0.9536
20100730 0.8762
20100731 1.16
20100801 1.1185
20100802 1.2246
20100803 0.9107
20100804 0.7117
20100805 1.1445
20100806 1.3103
20100807 2.0999
20100808 2.6445
20100809 2.677
20100810 1.666
20100811 0.9605
20100812 1.9519
20100813 1.9757
20100814 4.1021
20100815 3.3963
20100816 0.4345
20100817 1.3123
20100818 0.8939
20100819 1.3521
20100820 1.6667
20100821 1.5852
20100822 2.2456
20100823 2.0191
20100824 3.0772
20100825 1.3967
20100826 0.5964
20100827 1.6123
20100828 2.176
20100829 2.2342
20100830 0.6744
20100831 0.067
20100901 0.6581
20100902 1.2308
20100903 1.6104
20100904 0.8943
20100905 2.6304
20100906 2.6957
20100907 2.4139
20100908 2.0061
20100909 2.0589
20100910 0.6095
20100911 0.0942
20100912 0.8684
20100913 2.463
20100914 0.1773
20100915 1.9242
20100916 1.0797
20100917 0.7802
20100918 3.364
20100919 1.7072
20100920 0.9283
20100921 0.1112
20100922 0.0229
20100923 0.2308
20100924 0.2095
20100925 0.3124
20100926 0.319
20100927 0.1523
20100928 0.2347
20100929 1.0481
20100930 1.6177
20101001 0.3025
20101002 1.1166
20101003 0.2147
20101004 0.1121
20101005 0.1703
20101006 0.7796
20101007 1.1086
20101008 2.3316
20101009 1.3145
20101010 1.1327
20101011 0.0034
20101012 1.49
20101013 1.4085
20101014 0.2474
20101015 1.6736
20101016 1.4291
20101017 0.0275
20101018 0.0844
20101019 0.0814
20101020 0.3974
20101021 0.7736
20101022 0.7714
20101023 1.1631
20101024 0.3624
20101025 0.4478
20101026 1.2532
20101027 1.8445
20101028 0.0914
20101029 0.0356
20101030 0.0655
20101031 0.9686
20101101 0.2916
20101102 0.1006
20101103 0.1196
20101104 0.3102
20101105 0.2456
20101106 0.0392
20101107 0.8418
20101108 1.535
20101109 1.8333
20101110 1.2225
20101111 0.1801
20101112 0.3591
20101113 0.1092
20101114 0.0968
20101115 0.0555
20101116 1.076
20101117 1.6909
20101118 1.5781
20101119 1.298
20101120 1.1734
20101121 1.2126
20101122 1.1625
20101123 0.7403
20101124 0.0563
20101125 0.4849
20101126 0.7605
20101127 1.51
20101128 1.8935
20101129 1.8432
20101130 0.0162
20101201 1.5561
20101202 1.9408
20101203 0.0337
20101204 0.174
20101205 0.105
20101206 0.442
20101207 0.5423
20101208 0.8072
20101209 0.4211
20101210 0.2367
20101211 0.126
20101212 0.3219
20101213 0.4813
20101214 1.705
20101215 1.7321
20101216 0.0717
20101217 0.1582
20101218 0.01
20101219 1.5417
20101220 1.3977
20101221 1.1047
20101222 1.1285
20101223 0.9766
20101224 0.9175
20101225 1.0861
20101226 0.05
20101227 0.0905
20101228 1.7999
20101229 1.9479
20101230 1.3627
20101231 0.0689
20110101 0.0393
20110102 0.6548
20110103 0.1121
20110104 0.1482
20110105 0.1177
20110106 1.0525
20110107 0.4355
20110108 0.0872
20110109 0.1683
20110110 0.0683
20110111 0.089
20110112 0.1301
20110113 0.3168
20110114 0.2482
20110115 0.161
20110116 0.1408
20110117 0.1075
20110118 0.5277
20110119 0.64
20110120 0.9823
20110121 1.3946
20110122 1.4823
20110123 1.6017
20110124 1.6096
20110125 0.0822
20110126 1.6227
20110127 1.9532
20110128 1.9323
20110129 1.6966
20110130 1.8945
20110131 1.8086
20110201 0.119
20110202 0.1292
20110203 0.1671
20110204 0.2706
20110205 0.4891
20110206 0.3696
20110207 0.1798
20110208 0.1136
20110209 1.1765
20110210 0.167
20110211 0.0823
20110212 1.4343
20110213 1.402
20110214 1.5088
20110215 1.7202
20110216 0.0084
20110217 1.1197
20110218 1.285
20110219 1.9258
20110220 1.8603
20110221 1.8832
20110222 1.9459
20110223 0.0103
20110224 0.0265
20110225 0.0804
20110226 0.1201
20110227 0.052
20110228 0.7794
20110301 0.5772
20110302 1.9529
20110303 1.9466
20110304 1.9531
20110305 1.8449
20110306 1.819
20110307 0.232
20110308 0.028
20110309 0.2447
20110310 0.2485
20110311 0.1541
20110312 1.3952
20110313 0.0729
20110314 1.8633
20110315 1.6466
20110316 1.6466
20110317 1.602
20110318 0.0673
20110319 1.8894
20110320 0.0521
20110321 0.037
20110322 1.8879
20110323 1.9458
20110324 1.9498
20110325 1.8983
20110326 1.9523
20110327 1.884
20110328 1.9529
20110329 1.898
20110330 1.9274
20110331 1.8372
20110401 1.8801
20110402 1.9469
20110403 1.8126
20110404 1.7543
20110405 1.9428
20110406 1.8547
20110407 1.8857
20110408 1.8443
20110409 1.907
20110410 1.7881
20110411 1.807
20110412 1.7567
20110413 1.9527
20110414 1.9422
20110415 1.9287
20110416 1.8948
20110417 1.9521
20110418 1.9526
20110419 1.9275
20110420 1.9515
20110421 1.9529
20110422 1.953
20110423 1.5463
20110424 2.1113
20110425 0.5318
20110426 0.9494
20110427 1.3841
20110428 1.518
20110429 1.9662
20110430 2.1371
20110501 2.1611
20110502 2.4127
20110503 2.5453
20110504 3.1385
20110505 2.9088
20110506 0.9044
20110507 1.9282
20110508 2.1537
20110509 2.4361
20110510 2.3269
20110511 2.0548
20110512 1.8277
20110513 1.7143
20110514 1.3048
20110515 1.6156
20110516 1.8776
20110517 2.8851
20110518 2.2681
20110519 2.0143
20110520 0.7608
20110521 0.8312
20110522 0.7014
20110523 0.6251
20110524 0.6633
20110525 0.784
20110526 0.6953
20110527 1.2738
20110528 1.0134
20110529 1.2852
20110530 1.4363
20110531 1.4999
20110601 1.2667
20110602 1.2321
20110603 1.2953
20110604 1.2406
20110605 1.3408
20110606 1.4055
20110607 0.912
20110608 0.9119
20110609 1.4359
20110610 1.3858
20110611 1.1344
20110612 1.1636
20110613 1.1435
20110614 1.3268
20110615 1.3909
20110616 1.4373
20110617 0.6685
20110618 1.5973
20110619 2.1598
20110620 1.5572
20110621 1.5015
20110622 1.3559
20110623 1.7266
20110624 1.8988
20110625 3.18
20110626 4.1447
20110627 3.9342
20110628 4.7303
20110629 4.4109
20110630 4.0231
20110701 4.1886
20110702 4.2258
20110703 4.565
20110704 4.5068
20110705 3.8814
20110706 4.0081
20110707 4.161
20110708 3.4279
20110709 3.9627
20110710 3.9879
20110711 4.1239
20110712 4.7324
20110713 4.9407
20110714 1.8241
20110715 0.2182
20110716 0.6986
20110717 2.0205
20110718 2.9973
20110719 4.6868
20110720 3.5806
20110721 3.863
20110722 3.2405
20110723 5.7974
20110724 5.9102
20110725 6.2333
20110726 4.167
20110727 3.8136
20110728 4.2003
20110729 4.7715
20110730 4.5966
20110731 4.4918
20110801 4.2327
20110802 1.2209
20110803 0.036
20110804 0.1184
20110805 0.1545
20110806 0.0934
20110807 0.0903
20110808 0.2808
20110809 0.0481
20110810 0.1311
20110811 0.1765
20110812 0.6978
20110813 0.1391
20110814 0.1623
20110815 0.2117
20110816 0.2621
20110817 0.077
20110818 1.4157
20110819 0.1135
20110820 0.0748
20110821 0.1508
20110822 0.0661
20110823 0.0568
20110824 0.1027
20110825 0.1325
20110826 1.3463
20110827 0.135
20110828 0.1458
20110829 0.1159
20110830 0.0892
20110831 0.0656
20110901 1.0626
20110902 1.5079
20110903 0.1374
20110904 0.1692
20110905 1.1654
20110906 1.3504
20110907 1.6029
20110908 0.1731
20110909 1.4088
20110910 2.0373
20110911 2.1325
20110912 2.0627
20110913 2.0668
20110914 2.1771
20110915 2.0893
20110916 0.8332
20110917 0.1195
20110918 0.0942
20110919 0.1212
20110920 0.1028
20110921 0.1295
20110922 0.2041
20110923 0.1282
20110924 0.0188
20110925 0.2049
20110926 0.0657
20110927 0.0577
20110928 1.9367
20110929 1.9298
20110930 1.951
20111001 1.9508
20111002 1.9532
20111003 0.6792
20111004 0.2309
20111005 0.1278
20111006 0.1935
20111007 0.0709
20111008 0.328
20111009 0.0534
20111010 0.3796
20111011 0.3971
20111012 0.5412
20111013 1.16
20111014 1.8771
20111015 1.9477
20111016 0.0213
20111017 0.0723
20111018 0.1547
20111019 0.0999
20111020 0.0296
20111021 0.0086
20111022 1.7254
20111023 1.9513
20111024 1.9247
20111025 0.6274
20111026 0.0918
20111027 1.9321
20111028 1.6945
20111029 1.6757
20111030 0.1293
20111031 0.0204
20111101 0.0462
20111102 1.5618
20111103 1.9019
20111104 0.0091
20111105 1.3193
20111106 1.2261
20111107 1.6757
20111108 1.9352
20111109 1.9348
20111110 1.906
20111111 1.7389
20111112 0.3387
20111113 1.9252
20111114 1.913
20111115 1.9532
20111116 1.8796
20111117 1.876
20111118 0.025
20111119 1.953
20111120 1.937
20111121 1.9523
20111122 1.9531
20111123 0.1013
20111124 1.0788
20111125 0.8535
20111126 1.3014
20111127 1.2039
20111128 1.4366
20111129 0.8635
20111130 0.9053
20111201 0.3596
20111202 0.3815
20111203 0.1524
20111204 0.2031
20111205 0.2448
20111206 0.2732
20111207 0.3457
20111208 0.1865
20111209 0.3469
20111210 0.1991
20111211 0.193
20111212 0.2527
20111213 0.1919
20111214 0.1382
20111215 0.1614
20111216 0.3126
20111217 0.3362
20111218 0.0392
20111219 0.1647
20111220 0.0837
20111221 0.1192
20111222 0.1082
20111223 0.1843
20111224 0.0657
20111225 0.2252
20111226 0.2269
20111227 0.1791
20111228 0.1434
20111229 0.347
20111230 0.1217
20111231 0.1781
20120101 0.2219
20120102 0.2427
20120103 0.239
20120104 0.3789
20120105 0.2984
20120106 0.0283
20120107 0.1506
20120108 0.1001
20120109 0.1525
20120110 0.0989
20120111 0.1892
20120112 0.072
20120113 0.3125
20120114 1.4111
20120115 1.7104
20120116 1.8464
20120117 1.9354
20120118 0.0993
20120119 0.1681
20120120 0.1368
20120121 0.3538
20120122 0.3301
20120123 0.1827
20120124 0.1003
20120125 0.0065
20120126 0.0763
20120127 0.0727
20120128 1.4691
20120129 1.7401
20120130 1.6718
20120131 1.7918
20120201 1.8403
20120202 1.9444
20120203 1.9305
20120204 1.9359
20120205 1.6045
20120206 1.8652
20120207 1.928
20120208 1.7765
20120209 1.8966
20120210 1.9038
20120211 1.0196
20120212 1.8192
20120213 1.9328
20120214 1.1631
20120215 0.731
20120216 1.3479
20120217 0.0433
20120218 0.0641
20120219 0.0424
20120220 1.3649
20120221 0.0552
20120222 0.015
20120223 0.0368
20120224 0.084
20120225 0.8598
20120226 0.0537
20120227 0.082
20120228 0.13
20120229 0.0697
20120301 1.091
20120302 1.365
20120303 1.6632
20120304 2.2152
20120305 1.5071
20120306 0.7446
20120307 1.1493
20120308 1.9642
20120309 1.5803
20120310 2.7381
20120311 3.5883
20120312 1.9058
20120313 1.8501
20120314 1.7437
20120315 1.571
20120316 1.67
20120317 1.5409
20120318 2.2603
20120319 1.9079
20120320 2.6172
20120321 3.764
20120322 4.3942
20120323 4.5439
20120324 4.7793
20120325 4.5286
20120326 4.4143
20120327 3.5621
20120328 4.816
20120329 4.2456
20120330 3.6
20120331 3.9224
20120401 3.9936
20120402 3.9788
20120403 4.0693
20120404 3.8971
20120405 3.3136
20120406 4.3853
20120407 4.9936
20120408 4.6242
20120409 1.364
20120410 0.1317
20120411 0.0749
20120412 0.2004
20120413 0.0625
20120414 1.1536
20120415 0.7564
20120416 1.626
20120417 1.7096
20120418 2.8565
20120419 2.4705
20120420 0.825
20120421 0.0939
20120422 1.0203
20120423 1.8442
20120424 2.1665
20120425 1.9432
20120426 1.404
20120427 1.3238
20120428 1.5198
20120429 0.745
20120430 1.3298
20120501 1.3169
20120502 1.3592
20120503 1.55
20120504 1.6782
20120505 2.6497
20120506 3.0359
20120507 2.9847
20120508 4.1622
20120509 1.2422
20120510 0.8219
20120511 1.2478
20120512 0.9025
20120513 2.3807
20120514 0.9471
20120515 2.9282
20120516 1.1155
20120517 2.2531
20120518 0.0146
20120519 1.777
20120520 2.1892
20120521 2.6851
20120522 3.3567
20120523 1.9476
20120524 2.9412
20120525 3.925
20120526 4.699
20120527 3.6177
20120528 2.6524
20120529 3.0848
20120530 3.2561
20120531 2.8837
20120601 0.4759
20120602 0.3592
20120603 1.679
20120604 0.4577
20120605 2.7287
20120606 2.959
20120607 2.7013
20120608 2.1064
20120609 3.2617
20120610 3.2257
20120611 2.8876
20120612 2.7139
20120613 1.339
20120614 1.5939
20120615 2.4289
20120616 2.8593
20120617 2.4557
20120618 3.1664
20120619 4.9083
20120620 4.3413
20120621 0.7128
20120622 3.5484
20120623 5.2245
20120624 4.5937
20120625 0.1982
20120626 2.8627
20120627 4.3742
20120628 1.5538
20120629 2.1835
20120630 3.4287
20120701 3.1813
20120702 2.9411
20120703 3.3767
20120704 2.7583
20120705 2.305
20120706 1.1293
20120707 0.0863
20120708 0.1058
20120709 2.2339
20120710 0.8071
20120711 0.8067
20120712 1.3415
20120713 0.6307
20120714 2.4555
20120715 2.6431
20120716 1.0816
20120717 0.1262
20120718 0.1661
20120719 0.1904
20120720 0.8167
20120721 0.0455
20120722 0.1046
20120723 0.0587
20120724 0.0312
20120725 0.0138
20120726 1.6573
20120727 1.802
20120728 1.3476
20120729 0.1705
20120730 0.1063
20120731 0.0709
20120801 0.9513
20120802 0.1882
20120803 0.1422
20120804 0.0966
20120805 0.0724
20120806 0.1741
20120807 0.1708
20120808 0.0727
20120809 0.0226
20120810 1.9216
20120811 1.9532
20120812 1.9399
20120813 0.1192
20120814 0.0306
20120815 1.8636
20120816 0.1068
20120817 0.1537
20120818 0.0397
20120819 0.0904
20120820 0.2322
20120821 1.5623
20120822 1.6146
20120823 0.2402
20120824 3.0186
20120825 1.5097
20120826 0.7674
20120827 1.2449
20120828 1.9069
20120829 1.4879
20120830 1.5761
20120831 0.5808
20120901 1.2268
20120902 1.5353
20120903 1.4425
20120904 1.6345
20120905 1.136
20120906 1.6048
20120907 1.6282
20120908 1.6235
20120909 1.7152
20120910 1.586
20120911 1.6826
20120912 0.7025
20120913 0.2807
20120914 2.2698
20120915 2.3492
20120916 2.1515
20120917 0.591
20120918 0.2375
20120919 0.1621
20120920 0.0335
20120921 0.0386
20120922 1.43
20120923 1.7529
20120924 0.1028
20120925 0.1294
20120926 0.0514
20120927 0.1237
20120928 0.1127
20120929 0.1742
20120930 0.1022
20121001 0.162
20121002 0.2101
20121003 0.139
20121004 0.1551
20121005 0.1567
20121006 0.3373
20121007 0.4693
20121008 0.9164
20121009 0.7367
20121010 1.2526
20121011 1.5629
20121012 0.1297
20121013 0.1079
20121014 0.1408
20121015 0.1417
20121016 0.1697
20121017 0.0345
20121018 0.0614
20121019 0.0071
20121020 0.0256
20121021 1.4497
20121022 1.5698
20121023 1.6048
20121024 1.6776
20121025 1.6138
20121026 1.4032
20121027 1.0894
20121028 0.0333
20121029 2.0218
20121030 0.077
20121031 0.1735
20121101 0.1278
20121102 0.1782
20121103 0.2334
20121104 0.0565
20121105 0.0335
20121106 0.1085
20121107 0.1866
20121108 0.24
20121109 0.1613
20121110 0.1693
20121111 0.1649
20121112 0.2275
20121113 0.1091
20121114 1.8885
20121115 1.7416
20121116 1.7471
20121117 0.1099
20121118 1.4243
20121119 1.7971
20121120 0.0321
20121121 0.0626
20121122 0.2457
20121123 0.1324
20121124 1.1679
20121125 0.2083
20121126 0.0915
20121127 0.0818
20121128 1.2059
20121129 0.9353
20121130 0.0477
20121201 0.1689
20121202 0.5905
20121203 0.1764
20121204 0.1735
20121205 0.0376
20121206 0.03
20121207 0.0852
20121208 1.5467
20121209 0.1753
20121210 0.3394
20121211 0.9222
20121212 0.1864
20121213 1.147
20121214 1.4337
20121215 0.1265
20121216 0.1446
20121217 0.2085
20121218 0.1568
20121219 0.8716
20121220 1.941
20121221 1.9532
20121222 0.1283
20121223 0.2854
20121224 0.1413
20121225 0.1681
20121226 0.1805
20121227 0.1125
20121228 0.0833
20121229 0.1864
20121230 0.1075
20121231 0.1643
20130101 0.1051
20130102 0.2301
20130103 0.2591
20130104 0.215
20130105 0.1238
20130106 0.1971
20130107 0.1446
20130108 0.1378
20130109 0.0818
20130110 0.1306
20130111 1.6805
20130112 1.9083
20130113 1.9528
20130114 1.948
20130115 1.9344
20130116 1.8439
20130117 1.8538
20130118 1.929
20130119 1.9227
20130120 1.9501
20130121 1.9532
20130122 1.8749
20130123 1.9531
20130124 1.9469
20130125 1.9105
20130126 0.093
20130127 0.1211
20130128 0.1378
20130129 0.2
20130130 0.2571
20130131 0.3027
20130201 0.0609
20130202 0.3193
20130203 0.129
20130204 0.2442
20130205 0.3003
20130206 0.5322
20130207 0.7978
20130208 1.6076
20130209 0.0081
20130210 1.3433
20130211 1.7483
20130212 1.2677
20130213 1.3183
20130214 0.0768
20130215 0.0285
20130216 1.953
20130217 1.9458
20130218 1.9075
20130219 1.5949
20130220 1.8351
20130221 1.9522
20130222 1.9361
20130223 1.7784
20130224 1.5781
20130225 1.6309
20130226 1.9253
20130227 1.9457
20130228 1.9455
20130301 0.8622
20130302 1.919
20130303 1.9671
20130304 1.8394
20130305 3.2685
20130306 3.4977
20130307 8.4819
20130308 2.2972
20130309 3.5271
20130310 4.3323
20130311 4.5018
20130312 4.377
20130313 3.5833
20130314 0.9644
20130315 3.3582
20130316 1.9449
20130317 4.3281
20130318 3.5875
20130319 4.403
20130320 4.6074
20130321 1.7462
20130322 1.8587
20130323 1.3846
20130324 1.8903
20130325 5.448
20130326 5.2975
20130327 3.8843
20130328 4.194
20130329 4.8637
20130330 6.5184
20130331 6.1502
20130401 5.2788
20130402 5.6995
20130403 5.0648
20130404 4.6022
20130405 4.6114
20130406 5.4448
20130407 5.3833
20130408 2.6467
20130409 2.3083
20130410 2.1374
20130411 2.5546
20130412 1.6426
20130413 1.8849
20130414 1.7977
20130415 2.184
20130416 1.9081
20130417 1.8546
20130418 1.5482
20130419 1.5996
20130420 1.6034
20130421 1.4572
20130422 2.0536
20130423 2.4792
20130424 2.2718
20130425 2.4407
20130426 2.8936
20130427 2.0562
20130428 1.6636
20130429 1.842
20130430 1.8949
20130501 1.826
20130502 1.949
20130503 1.705
20130504 1.8553
20130505 1.9361
20130506 1.9495
20130507 1.9281
20130508 1.9524
20130509 1.9528
20130510 1.9531
20130511 1.9379
20130512 1.7971
20130513 1.9031
20130514 1.693
20130515 1.9238
20130516 1.9399
20130517 1.7159
20130518 1.6672
20130519 1.8836
20130520 1.8124
20130521 1.3998
20130522 1.2111
20130523 1.2915
20130524 1.496
20130525 1.9463
20130526 1.7259
20130527 1.9307
20130528 1.9504
20130529 1.9506
20130530 1.9312
20130531 1.8837
20130601 1.8286
20130602 1.9466
20130603 1.949
20130604 1.0175
20130605 0.3346
20130606 1.8964
20130607 1.8503
20130608 1.8574
20130609 1.8497
20130610 1.6362
20130611 1.7938
20130612 0.0784
20130613 0.1459
20130614 0.1392
20130615 0.1796
20130616 0.0693
20130617 1.9476
20130618 1.6657
20130619 2.6991
20130620 2.9796
20130621 2.7921
20130622 3.4703
20130623 3.6679
20130624 2.5914
20130625 4.2207
20130626 6.5428
20130627 4.8815
20130628 6.1295
20130629 4.8182
20130630 4.7458
20130701 4.6113
20130702 5.5899
20130703 4.78
20130704 4.9355
20130705 4.7052
20130706 5.3136
20130707 6.0624
20130708 6.2439
20130709 5.43
20130710 5.2645
20130711 5.5402
20130712 5.0269
20130713 6.7185
20130714 6.4101
20130715 4.3393
20130716 4.5471
20130717 4.9068
20130718 5.5447
20130719 4.4433
20130720 5.2822
20130721 5.3529
20130722 5.1577
20130723 5.2192
20130724 4.8591
20130725 4.2204
20130726 5.9616
20130727 4.4011
20130728 1.6363
20130729 3.9312
20130730 4.7969
20130731 4.6928
20130801 4.9788
20130802 4.7968
20130803 4.6917
20130804 4.6856
20130805 4.7313
20130806 4.7728
20130807 3.1049
20130808 3.6309
20130809 5.3848
20130810 4.8906
20130811 4.8185
20130812 4.9929
20130813 4.1918
20130814 1.4648
20130815 1.8647
20130816 1.8536
20130817 1.611
20130818 1.5761
20130819 0.8391
20130820 1.3199
20130821 1.782
20130822 1.9283
20130823 1.9504
20130824 1.9498
20130825 1.846
20130826 1.826
20130827 1.9073
20130828 1.8395
20130829 1.8686
20130830 2.586
20130831 3.0955
20130901 2.8021
20130902 2.8305
20130903 4.8179
20130904 3.7101
20130905 3.3252
20130906 1.114
20130907 1.6949
20130908 1.8182
20130909 1.8197
20130910 1.6787
20130911 1.2127
20130912 0.0513
20130913 0.0559
20130914 0.0352
20130915 0.0721
20130916 0.1623
20130917 0.0498
20130918 0.0008
20130919 0.0697
20130920 0.0152
20130921 0.1048
20130922 0.2045
20130923 0.1512
20130924 1.8059
20130925 1.8997
20130926 1.7234
20130927 0.0797
20130928 1.9205
20130929 1.9198
20130930 1.9203
20131001 1.9353
20131002 1.6992
20131003 0.8456
20131004 0.0455
20131005 0.0681
20131006 1.6473
20131007 0.3989
20131008 0.1241
20131009 0.0714
20131010 0.3216
20131011 0.3161
20131012 0.9175
20131013 1.3088
20131014 0.059
20131015 0.0114
20131016 0.0046
20131017 0.1283
20131018 0.0195
20131019 1.3171
20131020 0.1565
20131021 1.4044
20131022 0.0966
20131023 0.3414
20131024 0.6349
20131025 0.1435
20131026 0.1935
20131027 0.1726
20131028 0.3289
20131029 0.1203
20131030 0.1329
20131031 0.1259
20131101 0.1954
20131102 0.0665
20131103 0.0631
20131104 0.3866
20131105 0.11
20131106 0.1428
20131107 0.2191
20131108 0.1031
20131109 0.1543
20131110 0.5403
20131111 0.0938
20131112 1.363
20131113 0.0187
20131114 1.1909
20131115 0.4155
20131116 0.0109
20131117 1.5841
20131118 0.0075
20131119 1.0014
20131120 1.4385
20131121 1.4133
20131122 1.9116
20131123 1.8211
20131124 1.4706
20131125 1.7212
20131126 1.9364
20131127 0.0628
20131128 0.0127
20131129 0.0149
20131130 0.3204
20131201 1.0739
20131202 1.5847
20131203 1.8133
20131204 1.4294
20131205 0.3208
20131206 0.1329
20131207 0.0974
20131208 0.1838
20131209 0.0991
20131210 0.0716
20131211 0.0985
20131212 0.0886
20131213 0.0652
20131214 0.0986
20131215 1.7445
20131216 0.1443
20131217 0.9194
20131218 0.0807
20131219 0.1654
20131220 0.112
20131221 0.1848
20131222 0.164
20131223 0.2494
20131224 0.1951
20131225 0.0252
20131226 0.0208
20131227 0.1835
20131228 0.1617
20131229 0.2101
20131230 0.2219
20131231 0.0825
20140101 0.1587
20140102 0.1878
20140103 0.1761
20140104 0.0553
20140105 0.1824
20140106 0.2166
20140107 0.1759
20140108 0.1554
20140109 0.2557
20140110 0.2082
20140111 0.1345
20140112 0.0307
20140113 0.0965
20140114 0.0198
20140115 0.1786
20140116 0.1599
20140117 0.1765
20140118 1.614
20140119 1.7656
20140120 1.9043
20140121 0.1035
20140122 0.1178
20140123 0.158
20140124 0.1937
20140125 0.1264
20140126 0.2227
20140127 0.305
20140128 0.1001
20140129 1.9011
20140130 1.9469
20140131 0.0378
20140201 0.2075
20140202 0.217
20140203 1.6945
20140204 0.0584
20140205 0.1176
20140206 0.1015
20140207 0.2962
20140208 0.2487
20140209 0.1526
20140210 0.3818
20140211 0.2392
20140212 0.1656
20140213 0.1626
20140214 0.1523
20140215 0.1849
20140216 0.1826
20140217 0.1054
20140218 0.0939
20140219 0.1927
20140220 0.18
20140221 2.0931
20140222 3.1564
20140223 1.5472
20140224 1.6376
20140225 3.2769
20140226 3.3102
20140227 2.8486
20140228 3.6836
20140301 3.5235
20140302 3.5028
20140303 3.0188
20140304 2.8433
20140305 3.4528
20140306 3.6145
20140307 2.9127
20140308 3.147
20140309 1.1953
20140310 2.6383
20140311 3.2225
20140312 2.584
20140313 3.0675
20140314 2.7813
20140315 3.5019
20140316 2.791
20140317 1.5352
20140318 6.0055
20140319 3.1353
20140320 4.125
20140321 3.335
20140322 3.891
20140323 3.9574
20140324 4.1
20140325 3.0281
20140326 2.5581
20140327 3.7016
20140328 3.869
20140329 3.1545
20140330 2.2951
20140331 3.5979
20140401 13.6789
20140402 2.636
20140403 3.5574
20140404 3.9693
20140405 3.5434
20140406 3.5775
20140407 4.8411
20140408 3.3616
20140409 4.0227
20140410 0.8918
20140411 3.4956
20140412 2.238
20140413 4.6112
20140414 3.3054
20140415 3.6289
20140416 2.9177
20140417 2.7251
20140418 3.991
20140419 4.418
20140420 3.8839
20140421 2.3628
20140422 2.3184
20140423 2.4157
20140424 1.9803
20140425 1.6906
20140426 2.5146
20140427 2.7638
20140428 2.4245
20140429 1.4704
20140430 2.8734
20140501 3.2566
20140502 5.0793
20140503 3.7557
20140504 3.6308
20140505 4.7499
20140506 4.3637
20140507 3.3105
20140508 1.7589
20140509 2.454
20140510 4.0719
20140511 2.8895
20140512 3.9265
20140513 4.2707
20140514 3.9156
20140515 3.4251
20140516 3.1844
20140517 3.7397
20140518 3.7858
20140519 3.8669
20140520 5.1365
20140521 4.056
20140522 4.9829
20140523 4.282
20140524 3.9712
20140525 3.4572
20140526 3.2937
20140527 2.166
20140528 1.6724
20140529 1.2708
20140530 5.7237
20140531 4.2605
20140601 4.9272
20140602 4.893
20140603 4.4668
20140604 4.1123
20140605 4.2287
20140606 5.131
20140607 3.6547
20140608 3.7509
20140609 3.5226
20140610 3.397
20140611 2.3049
20140612 2.8577
20140613 3.5936
20140614 4.1284
20140615 4.0234
20140616 3.2301
20140617 2.9898
20140618 2.9897
20140619 4.0998
20140620 5.9615
20140621 3.3427
20140622 3.107
20140623 4.198
20140624 2.4186
20140625 3.4522
20140626 1.8449
20140627 3.0679
20140628 1.6545
20140629 2.1969
20140630 1.9984
20140701 2.62
20140702 3.2115
20140703 2.4209
20140704 2.4107
20140705 1.5888
20140706 0.1029
20140707 0.1764
20140708 0.192
20140709 1.7147
20140710 0.4941
20140711 2.0676
20140712 1.6166
20140713 2.7717
20140714 1.6307
20140715 1.3635
20140716 0.9686
20140717 1.4792
20140718 1.797
20140719 2.0246
20140720 1.8059
20140721 2.5541
20140722 2.2045
20140723 3.6373
20140724 3.005
20140725 4.1727
20140726 3.1503
20140727 4.7863
20140728 4.0108
20140729 4.7761
20140730 4.7121
20140731 3.9709
20140801 2.2351
20140802 3.4413
20140803 2.4444
20140804 2.1771
20140805 3.5346
20140806 4.4052
20140807 4.2495
20140808 3.2091
20140809 3.6444
20140810 3.582
20140811 2.9466
20140812 3.9741
20140813 4.0254
20140814 3.6705
20140815 3.1464
20140816 3.7512
20140817 2.857
20140818 3.3284
20140819 3.4818
20140820 3.4194
20140821 3.1125
20140822 2.3933
20140823 3.1598
20140824 1.9767
20140825 2.6809
20140826 2.9577
20140827 1.1768
20140828 3.6153
20140829 3.2261
20140830 3.2525
20140831 4.6257
20140901 5.9608
20140902 3.2786
20140903 2.5183
20140904 2.387
20140905 2.7088
20140906 3.8612
20140907 3.0751
20140908 3.1202
20140909 1.7947
20140910 3.5093
20140911 2.1607
20140912 2.1272
20140913 2.3569
20140914 2.3042
20140915 1.5779
20140916 0.9092
20140917 1.4981
20140918 1.822
20140919 2.06
20140920 1.5033
20140921 0.631
20140922 0.9946
20140923 2.2123
20140924 1.9014
20140925 1.9801
20140926 2.3947
20140927 1.8698
20140928 2.0524
20140929 2.1516
20140930 1.3393
20141001 0.1256
20141002 0.0279
20141003 0.0506
20141004 0.1367
20141005 0.0547
20141006 0.0705
20141007 0.1349
20141008 0.0959
20141009 0.1202
20141010 0.1697
20141011 0.0377
20141012 0.6884
20141013 0.0327
20141014 0.0891
20141015 0.1603
20141016 0.1207
20141017 0.0924
20141018 0.1031
20141019 0.1876
20141020 0.2306
20141021 0.2014
20141022 0.0526
20141023 0.1461
20141024 0.1706
20141025 0.1972
20141026 0.1499
20141027 0.1225
20141028 0.0982
20141029 0.0823
20141030 0.0068
20141031 0.0398
20141101 0.1077
20141102 0.1583
20141103 0.1755
20141104 0.0627
20141105 0.4301
20141106 0.6046
20141107 0.0737
20141108 0.1456
20141109 0.032
20141110 0.1119
20141111 1.3103
20141112 1.5037
20141113 1.5409
20141114 0.102
20141115 1.3802
20141116 0.6861
20141117 0.6377
20141118 0.913
20141119 1.1255
20141120 1.4221
20141121 1.7394
20141122 1.9082
20141123 1.7099
20141124 0.9429
20141125 1.2992
20141126 1.7723
20141127 1.8141
20141128 1.8086
20141129 1.9532
20141130 1.921
20141201 1.4297
20141202 1.3627
20141203 1.1899
20141204 1.7182
20141205 1.5847
20141206 1.0721
20141207 1.5878
20141208 0.112
20141209 0.0724
20141210 0.2387
20141211 0.202
20141212 0.1782
20141213 0.2349
20141214 0.2136
20141215 0.2389
20141216 0.1833
20141217 0.1882
20141218 0.3625
20141219 0.2977
20141220 0.3257
20141221 0.218
20141222 0.4284
20141223 0.3855
20141224 0.1574
20141225 0.0751
20141226 0.0387
20141227 1.3042
20141228 1.5224
20141229 1.487
20141230 0.0571
20141231 0.1412
20150101 0.1737
20150102 0.1454
20150103 0.0767
20150104 0.0654
20150105 0.5137
20150106 0.252
20150107 0.2199
20150108 0.1594
20150109 0.2751
20150110 0.3936
20150111 0.3786
20150112 0.1718
20150113 0.1458
20150114 0.2458
20150115 0.1854
20150116 0.1574
20150117 0.159
20150118 0.1665
20150119 1.4784
20150120 0.0367
20150121 1.9398
20150122 1.9473
20150123 1.8984
20150124 0.0444
20150125 0.1811
20150126 0.0991
20150127 0.1063
20150128 0.2086
20150129 0.2041
20150130 0.1852
20150131 0.2466
20150201 0.3124
20150202 0.1175
20150203 0.0424
20150204 0.0092
20150205 1.8737
20150206 0.0058
20150207 1.9444
20150208 1.1092
20150209 0.0607
20150210 1.6034
20150211 1.9186
20150212 1.8007
20150213 0.0385
20150214 1.6525
20150215 0.9885
20150216 2.7283
20150217 3.6883
20150218 3.992
20150219 3.6548
20150220 1.3311
20150221 0.6068
20150222 3.7118
20150223 2.151
20150224 1.2944
20150225 0.1262
20150226 0.1597
20150227 0.0125
20150228 0.1322
20150301 0.2257
20150302 0.414
20150303 0.2006
20150304 0.1668
20150305 0.1171
20150306 2.162
20150307 0.8758
20150308 4.1182
20150309 2.9462
20150310 0.4041
20150311 3.3117
20150312 3.6204
20150313 3.7327
20150314 4.4539
20150315 3.5474
20150316 4.2927
20150317 3.9288
20150318 3.8445
20150319 3.3828
20150320 3.837
20150321 4.937
20150322 3.43
20150323 2.6759
20150324 3.2445
20150325 2.4292
20150326 2.0418
20150327 3.5744
20150328 1.8427
20150329 2.3895
20150330 1.5684
20150331 0.9991
20150401 1.2365
20150402 0.7016
20150403 1.4879
20150404 1.2261
20150405 1.8252
20150406 1.9325
20150407 0.0646
20150408 1.9514
20150409 0.2424
20150410 2.0108
20150411 1.9149
20150412 1.9091
20150413 2.207
20150414 1.9009
20150415 1.7654
20150416 1.8593
20150417 1.9369
20150418 1.839
20150419 1.1992
20150420 0.2241
20150421 2.2036
20150422 2.2246
20150423 2.1066
20150424 2.2409
20150425 1.8919
20150426 2.0773
20150427 1.9371
20150428 1.9949
20150429 1.7478
20150430 1.7949
20150501 2.0148
20150502 1.9845
20150503 1.9166
20150504 1.6829
20150505 0.5472
20150506 1.1638
20150507 2.4456
20150508 1.9378
20150509 0.2335
20150510 0.143
20150511 0.5429
20150512 1.2689
20150513 1.9484
20150514 1.9433
20150515 1.8404
20150516 1.2437
20150517 2.0599
20150518 1.806
20150519 1.1449
20150520 1.321
20150521 2.376
20150522 2.3264
20150523 2.0503
20150524 2.3282
20150525 2.2619
20150526 2.3108
20150527 3.0598
20150528 1.9234
20150529 1.7091
20150530 1.9549
20150531 2.1976
20150601 1.9907
20150602 1.8253
20150603 1.0524
20150604 1.5931
20150605 1.0468
20150606 2.0544
20150607 1.1911
20150608 3.5259
20150609 4.3322
20150610 4.1678
20150611 2.9858
20150612 3.9999
20150613 3.2868
20150614 3.8549
20150615 3.8801
20150616 3.9744
20150617 3.8723
20150618 3.4409
20150619 2.8445
20150620 3.9655
20150621 3.6514
20150622 3.4565
20150623 3.4421
20150624 3.1996
20150625 3.4387
20150626 3.1365
20150627 2.7459
20150628 3.5996
20150629 3.9712
20150630 4.1904
20150701 5.1785
20150702 3.6712
20150703 5.1452
20150704 4.0038
20150705 1.1024
20150706 2.1754
20150707 3.7212
20150708 3.2095
20150709 3.4654
20150710 3.9697
20150711 3.768
20150712 3.1862
20150713 3.4083
20150714 3.1692
20150715 2.8627
20150716 2.6122
20150717 1.8814
20150718 2.3756
20150719 2.0719
20150720 2.7318
20150721 1.3268
20150722 1.8013
20150723 1.9782
20150724 2.1491
20150725 1.6684
20150726 2.0441
20150727 0.5187
20150728 0.2187
20150729 0.197
20150730 0.1958
20150731 0.0307
20150801 0.2574
20150802 0.3192
20150803 0.2583
20150804 0.2229
20150805 0.31
20150806 0.26
20150807 0.1346
20150808 0.1515
20150809 0.3322
20150810 0.1658
20150811 0.0745
20150812 0.1363
20150813 0.1447
20150814 0.24
20150815 0.1001
20150816 0.0042
20150817 0.0928
20150818 0.1908
20150819 0.3902
20150820 0.2333
20150821 0.3679
20150822 0.2131
20150823 0.2955
20150824 0.267
20150825 0.2191
20150826 0.1635
20150827 0.1596
20150828 0.1794
20150829 0.348
20150830 0.2591
20150831 0.2785
20150901 0.0764
20150902 0.1592
20150903 0.1438
20150904 0.2582
20150905 0.2191
20150906 0.162
20150907 0.259
20150908 0.3075
20150909 0.4036
20150910 0.1143
20150911 0.0294
20150912 0.0647
20150913 0.2291
20150914 0.1511
20150915 0.1659
20150916 0.0913
20150917 0.186
20150918 0.1638
20150919 0.0552
20150920 0.1259
20150921 0.1412
20150922 0.1577
20150923 0.1447
20150924 0.1506
20150925 0.1337
20150926 0.0828
20150927 0.0655
20150928 0.0033
20150929 1.8874
20150930 1.7819
20151001 1.813
20151002 1.9155
20151003 0.0396
20151004 0.118
20151005 0.1124
20151006 1.9434
20151007 0.2019
20151008 0.1934
20151009 1.7199
20151010 1.8286
20151011 1.9317
20151012 1.9503
20151013 1.9383
20151014 1.9156
20151015 1.8752
20151016 1.5435
20151017 1.4258
20151018 1.5306
20151019 1.6149
20151020 1.796
20151021 0.1232
20151022 0.0996
20151023 0.0534
20151024 0.1097
20151025 1.3415
20151026 1.7677
20151027 1.8413
20151028 1.7704
20151029 0.1417
20151030 1.9531
20151031 1.8622
20151101 1.9188
20151102 1.8397
20151103 1.9027
20151104 0.0006
20151105 0.1251
20151106 0.219
20151107 0.2738
20151108 0.1022
20151109 0.2216
20151110 0.3051
20151111 0.4431
20151112 0.4622
20151113 0.6146
20151114 0.6308
20151115 0.7443
20151116 0.5021
20151117 0.638
20151118 0.6571
20151119 0.6834
20151120 0.8361
20151121 0.0578
20151122 0.3803
20151123 0.0782
20151124 0.5054
20151125 0.4239
20151126 0.0337
20151127 0.6138
20151128 0.502
20151129 0.6335
20151130 0.6442
20151201 0.3568
20151202 0.4571
20151203 0.4524
20151204 0.4588
20151205 0.4379
20151206 0.4368
20151207 0.4144
20151208 1.7646
20151209 0.8167
20151210 0.7487
20151211 0.5193
20151212 0.4951
20151213 0.4094
20151214 0.0226
20151215 0.0177
20151216 0.1978
20151217 0.2547
20151218 0.243
20151219 0.2509
20151220 0.2021
20151221 0.1955
20151222 0.3777
20151223 0.5126
20151224 0.3907
20151225 0.5962
20151226 0.4864
20151227 0.4298
20151228 0.4295
20151229 0.527
20151230 0.845
20151231 0.6234
20160101 0.1595
20160102 1.9026
20160103 0.1794
20160104 0.0999
20160105 0.1382
20160106 1.6009
20160107 0.0541
20160108 0.405
20160109 0.1364
20160110 0.2347
20160111 0.1802
20160112 0.2944
20160113 0.3652
20160114 0.4669
20160115 0.1957
20160116 0.1914
20160117 0.0737
20160118 1.7858
20160119 0.1511
20160120 2.2284
20160121 1.1985
20160122 0.2291
20160123 2.1534
20160124 3.1061
20160125 1.0735
20160126 2.3601
20160127 0.4161
20160128 0.6053
20160129 0.9839
20160130 0.2759
20160131 0.3165
20160201 0.4728
20160202 0.5777
20160203 0.3725
20160204 0.2549
20160205 0.6579
20160206 0.6068
20160207 0.5584
20160208 0.4397
20160209 0.222
20160210 0.2445
20160211 0.1663
20160212 1.201
20160213 1.3109
20160214 0.7454
20160215 0.7578
20160216 1.447
20160217 1.4823
20160218 0.1525
20160219 0.1584
20160220 0.3981
20160221 0.4963
20160222 0.3177
20160223 0.2094
20160224 0.0339
20160225 0.1979
20160226 0.2098
20160227 0.2089
20160228 0.1178
20160229 1.6337
20160301 0.1046
20160302 0.4552
20160303 0.2285
20160304 1.8
20160305 0.1265
20160306 0.1537
20160307 0.1836
20160308 0.15
20160309 0.0241
20160310 1.7929
20160311 1.9278
20160312 1.7887
20160313 1.5458
20160314 1.8128
20160315 1.9381
20160316 1.9022
20160317 1.9345
20160318 1.4131
20160319 1.8834
20160320 0.0137
20160321 0.1349
20160322 0.1116
20160323 0.9406
20160324 3.639
20160325 1.8276
20160326 0.1735
20160327 0.2555
20160328 0.3679
20160329 0.2847
20160330 0.134
20160331 0.0516
20160401 0.0096
20160402 0.041
20160403 0.1262
20160404 0.1474
20160405 0.1223
20160406 1.3006
20160407 1.529
20160408 0.9072
20160409 0.7381
20160410 0.6861
20160411 0.0203
20160412 0.2163
20160413 0.4207
20160414 1.575
20160415 1.4279
20160416 0.905
20160417 0.7005
20160418 1.0691
20160419 0.6432
20160420 1.3553
20160421 1.946
20160422 1.9062
20160423 1.8683
20160424 1.1728
20160425 1.1625
20160426 0.3715
20160427 0.4731
20160428 0.89
20160429 1.3026
20160430 0.7564
20160501 2.2771
20160502 2.0734
20160503 0.1211
20160504 1.7734
20160505 1.9463
20160506 1.7217
20160507 0.11
20160508 0.2482
20160509 1.8307
20160510 1.7222
20160511 1.5563
20160512 1.3365
20160513 0.9539
20160514 0.7889
20160515 0.7222
20160516 1.0819
20160517 1.4121
20160518 1.5864
20160519 1.5153
20160520 1.8951
20160521 1.9149
20160522 1.7609
20160523 0.9311
20160524 0.9136
20160525 0.1882
20160526 1.2582
20160527 1.3942
20160528 2.0483
20160529 1.8762
20160530 1.4939
20160531 1.822
20160601 0.9961
20160602 1.0567
20160603 1.3156
20160604 0.1485
20160605 0.8188
20160606 1.1872
20160607 1.4215
20160608 1.3211
20160609 1.3245
20160610 1.4885
20160611 1.4633
20160612 1.5496
20160613 0.2116
20160614 0.1201
20160615 0.1456
20160616 0.0167
20160617 0.0807
20160618 0.0845
20160619 0.1341
20160620 0.1563
20160621 0.1974
20160622 0.2588
20160623 0.1997
20160624 0.3155
20160625 0.2116
20160626 0.1913
20160627 0.1272
20160628 0.1032
20160629 0.1008
20160630 0.1262
20160701 0.128
20160702 0.1638
20160703 0.1882
20160704 0.0961
20160705 0.2431
20160706 1.6638
20160707 0.2188
20160708 0.2013
20160709 0.2583
20160710 0.3196
20160711 0.4782
20160712 1.0107
20160713 0.4434
20160714 1.6359
20160715 0.4294
20160716 0.9589
20160717 0.322
20160718 0.5384
20160719 1.2146
20160720 0.9354
20160721 0.3681
20160722 0.7102
20160723 2.1517
20160724 1.4149
20160725 2.0386
20160726 2.1329
20160727 0.9479
20160728 1.9662
20160729 0.7512
20160730 0.7945
20160731 1.911
20160801 1.9281
20160802 1.8083
20160803 0.7578
20160804 1.2069
20160805 1.369
20160806 1.9356
20160807 1.4597
20160808 1.2803
20160809 1.8717
20160810 1.6165
20160811 1.4065
20160812 1.3756
20160813 1.9929
20160814 1.9338
20160815 1.9631
20160816 1.805
20160817 1.9163
20160818 2.0005
20160819 2.1902
20160820 0.5848
20160821 1.9152
20160822 1.0368
20160823 2.17
20160824 1.8723
20160825 1.9329
20160826 2.121
20160827 2.0934
20160828 1.8661
20160829 1.8413
20160830 2.0299
20160831 1.8976
20160901 1.7735
20160902 1.7492
20160903 1.8492
20160904 2.3831
20160905 3.6414
20160906 5.5015
20160907 4.4332
20160908 1.9052
20160909 1.6199
20160910 0.19
20160911 0.086
20160912 1.4555
20160913 0.0048
20160914 0.0227
20160915 1.5935
20160916 0.0216
20160917 0.0104
20160918 1.0903
20160919 1.2545
20160920 1.4382
20160921 1.704
20160922 1.818
20160923 0.069
20160924 0.0255
20160925 0.0562
20160926 1.523
20160927 0.0527
20160928 0.1394
20160929 0.0354
20160930 0.1
20161001 0.0049
20161002 0.0161
20161003 0.6509
20161004 1.5741
20161005 1.9386
20161006 1.5293
20161007 1.8741
20161008 1.9242
20161009 1.856
20161010 0.008
20161011 0.6815
20161012 2.1609
20161013 0.3162
20161014 0.2546
20161015 0.8546
20161016 1.9529
20161017 0.0307
20161018 0.8942
20161019 0.1348
20161020 0.8894
20161021 1.3575
20161022 1.5701
20161023 1.7831
20161024 1.8696
20161025 1.7382
20161026 0.0009
20161027 0.0641
20161028 0.0851
20161029 0.0647
20161030 1.7017
20161031 1.7279
20161101 1.4912
20161102 0.0492
20161103 0.0811
20161104 1.3319
20161105 0.0538
20161106 0.1058
20161107 0.9448
20161108 1.7224
20161109 1.8499
20161110 1.7732
20161111 1.6849
20161112 1.5635
20161113 1.9203
20161114 1.8155
20161115 0.8788
20161116 0.2496
20161117 0.1837
20161118 0.14
20161119 0.1612
20161120 0.0312
20161121 0.4239
20161122 0.119
20161123 1.0608
20161124 1.7144
20161125 1.95
20161126 1.8525
20161127 1.2949
20161128 1.6632
20161129 1.9414
20161130 0.0751
20161201 0.1196
20161202 0.7315
20161203 1.4361
20161204 1.7889
20161205 1.8948
20161206 1.8968
20161207 0.0757
20161208 0.1766
20161209 0.1644
20161210 0.1539
20161211 0.0751
20161212 0.0187
20161213 0.1301
20161214 1.8357
20161215 1.928
20161216 1.9478
20161217 1.9263
20161218 0.0937
20161219 1.8347
20161220 1.9189
20161221 0.1173
20161222 0.1147
20161223 0.2027
20161224 0.2273
20161225 0.2998
20161226 0.2478
20161227 0.1679
20161228 0.0413
20161229 1.8638
20161230 0.1163
20161231 0.1851
20170101 0.1759
20170102 1.5426
20170103 0.2187
20170104 0.4443
20170105 0.7625
20170106 1.4632
20170107 0.0935
20170108 1.9008
20170109 0.1257
20170110 0.1515
20170111 0.1906
20170112 0.1928
20170113 0.3617
20170114 0.5029
20170115 0.0107
20170116 0.8172
20170117 1.8001
20170118 1.9184
20170119 1.9079
20170120 1.8584
20170121 1.5052
20170122 1.7155
20170123 0.0771
20170124 0.3942
20170125 1.8594
20170126 1.6971
20170127 1.7131
20170128 0.0298
20170129 0.1915
20170130 0.0038
20170131 0.7385
20170201 2.4359
20170202 3.4686
20170203 2.8751
20170204 1.8246
20170205 3.6993
20170206 3.5018
20170207 3.502
20170208 4.0121
20170209 4.261
20170210 4.0521
20170211 1.7616
20170212 1.7111
20170213 1.8115
20170214 0.3828
20170215 2.6725
20170216 2.9815
20170217 3.3371
20170218 3.2329
20170219 5.0606
20170220 4.8535
20170221 3.603
20170222 1.8064
20170223 0.3645
20170224 1.4435
20170225 0.5494
20170226 3.0381
20170227 0.4343
20170228 1.0968
20170301 0.997
20170302 1.3
20170303 2.0052
20170304 1.0206
20170305 1.8231
20170306 1.3952
20170307 0.7637
20170308 0.1235
20170309 0.151
20170310 0.0686
20170311 1.6632
20170312 1.5915
20170313 1.4494
20170314 0.1368
20170315 0.098
20170316 0.2226
20170317 0.1169
20170318 1.1591
20170319 0.3294
20170320 0.3024
20170321 0.2291
20170322 0.163
20170323 1.8184
20170324 1.9166
20170325 1.943
20170326 1.8057
20170327 1.6503
20170328 1.6182
20170329 1.6476
20170330 1.6958
20170331 1.6215
20170401 1.4035
20170402 1.2452
20170403 1.6009
20170404 1.8016
20170405 1.3221
20170406 1.5629
20170407 1.8276
20170408 1.8633
20170409 1.881
20170410 1.5117
20170411 1.4835
20170412 1.7015
20170413 0.9743
20170414 1.3421
20170415 1.3261
20170416 1.0635
20170417 1.1454
20170418 1.4428
20170419 1.9319
20170420 1.545
20170421 1.9426
20170422 1.7094
20170423 1.7314
20170424 2.0533
20170425 1.6526
20170426 1.7208
20170427 1.7801
20170428 1.8353
20170429 0.7241
20170430 1.9506
20170501 0.7482
20170502 0.0148
20170503 1.2726
20170504 1.8853
20170505 2.2708
20170506 2.2572
20170507 2.0514
20170508 2.0415
20170509 1.8763
20170510 1.0172
20170511 0.7339
20170512 0.3558
20170513 1.0463
20170514 1.5178
20170515 1.0752
20170516 0.6447
20170517 2.0896
20170518 1.8135
20170519 1.2547
20170520 0.1151
20170521 2.5022
20170522 3.0163
20170523 3.3529
20170524 4.0704
20170525 1.7426
20170526 2.8738
20170527 2.0347
20170528 1.8757
20170529 1.791
20170530 1.608
20170531 1.8393
20170601 2.1379
20170602 1.9682
20170603 1.8125
20170604 1.8432
20170605 1.5728
20170606 1.4061
20170607 1.6536
20170608 1.6971
20170609 0.891
20170610 1.393
20170611 1.2977
20170612 1.1653
20170613 1.0478
20170614 1.4852
20170615 3.2277
20170616 4.2815
20170617 3.6565
20170618 4.6261
20170619 2.9976
20170620 2.6915
20170621 2.9231
20170622 1.9273
20170623 2.7228
20170624 1.476
20170625 1.049
20170626 1.0596
20170627 1.7267
20170628 1.8523
20170629 1.5432
20170630 1.7397
20170701 1.575
20170702 1.339
20170703 1.7038
20170704 1.6619
20170705 1.8908
20170706 0.0529
20170707 1.8657
20170708 1.5958
20170709 1.6549
20170710 1.5764
20170711 1.3636
20170712 0.9381
20170713 1.0197
20170714 1.4437
20170715 1.2551
20170716 1.6112
20170717 1.5907
20170718 1.6872
20170719 0.2106
20170720 1.2769
20170721 1.6718
20170722 0.1804
20170723 0.6001
20170724 1.0261
20170725 1.177
20170726 0.9234
20170727 0.4317
20170728 1.0434
20170729 1.0384
20170730 0.9291
20170731 0.9573
20170801 1.2872
20170802 1.5341
20170803 2.5497
20170804 2.3355
20170805 0.8473
20170806 0.9233
20170807 1.7652
20170808 1.7032
20170809 1.7893
20170810 1.1515
20170811 1.6395
20170812 1.7204
20170813 2.1305
20170814 2.5508
20170815 0.81
20170816 1.5753
20170817 1.6981
20170818 1.4537
20170819 1.6267
20170820 2.3707
20170821 1.8612
20170822 1.3775
20170823 2.8281
20170824 0.7053
20170825 1.1866
20170826 1.412
20170827 1.1344
20170828 0.751
20170829 0.2666
20170830 0.8745
20170831 0.1626
20170901 0.14
20170902 0.1645
20170903 0.2741
20170904 0.8639
20170905 0.9913
20170906 0.2115
20170907 0.1904
20170908 0.1807
20170909 0.2125
20170910 0.9591
20170911 0.2888
20170912 0.2621
20170913 0.3268
20170914 0.2371
20170915 0.3795
20170916 0.5895
20170917 0.6736
20170918 0.6762
20170919 0.7079
20170920 0.9689
20170921 1.3325
20170922 1.4918
20170923 1.4624
20170924 1.5704
20170925 1.4288
20170926 1.583
20170927 1.7467
20170928 1.8599
20170929 1.8722
20170930 1.2071
20171001 1.3599
20171002 1.598
20171003 0.3182
20171004 0.462
20171005 0.3179
20171006 0.3969
20171007 0.3412
20171008 0.3247
20171009 0.2544
20171010 0.2898
20171011 0.1786
20171012 0.253
20171013 0.1795
20171014 0.1766
20171015 0.1402
20171016 0.1916
20171017 0.0822
20171018 1.6068
20171019 1.656
20171020 0.1772
20171021 0.1819
20171022 0.2406
20171023 0.2792
20171024 0.2339
20171025 0.2627
20171026 0.2149
20171027 0.0647
20171028 0.3621
20171029 0.095
20171030 0.8595
20171031 0.1803
20171101 0.2295
20171102 0.1711
20171103 0.0114
20171104 0.1409
20171105 0.1557
20171106 0.0489
20171107 1.6059
20171108 1.6723
20171109 0.1603
20171110 0.236
20171111 0.1387
20171112 0.1168
20171113 0.0685
20171114 0.2142
20171115 0.1806
20171116 0.1914
20171117 0.7341
20171118 0.1481
20171119 0.0401
20171120 0.189
20171121 0.2303
20171122 0.1578
20171123 0.1802
20171124 0.0628
20171125 0.0509
20171126 0.1849
20171127 0.1656
20171128 0.1594
20171129 0.0225
20171130 0.3933
20171201 0.7206
20171202 1.8647
20171203 0.0623
20171204 0.0775
20171205 0.2163
20171206 0.2489
20171207 0.1515
20171208 0.207
20171209 0.2554
20171210 0.0437
20171211 0.3124
20171212 0.0402
20171213 0.1349
20171214 0.2076
20171215 0.0754
20171216 1.1646
20171217 0.0608
20171218 0.749
20171219 0.0046
20171220 1.8638
20171221 0.0819
20171222 0.007
20171223 0.1882
20171224 0.2992
20171225 0.1709
20171226 0.1233
20171227 0.9291
20171228 0.1146
20171229 0.1775
20171230 0.2975
20171231 0.1585
20180101 0.1255
20180102 0.1498
20180103 0.4527
20180104 0.2477
20180105 0.1684
20180106 0.5457
20180107 1.201
20180108 1.4984
20180109 1.6536
20180110 1.423
20180111 1.1533
20180112 1.7318
20180113 1.8201
20180114 1.8843
20180115 0.1359
20180116 0.2592
20180117 0.2742
20180118 0.2726
20180119 0.2042
20180120 0.089
20180121 1.193
20180122 0.0804
20180123 0.1481
20180124 0.1309
20180125 0.1123
20180126 1.3569
20180127 0.1104
20180128 0.1752
20180129 0.3124
20180130 0.0699
20180131 0.1644
20180201 0.1867
20180202 0.4465
20180203 0.0117
20180204 1.6163
20180205 1.8943
20180206 1.9363
20180207 1.9532
20180208 0.0249
20180209 0.0476
20180210 0.0848
20180211 0.2126
20180212 0.177
20180213 0.0212
20180214 1.9442
20180215 0.075
20180216 0.0872
20180217 0.1259
20180218 0.1389
20180219 0.1719
20180220 0.0494
20180221 0.0135
20180222 1.7911
20180223 1.7219
20180224 1.9428
20180225 1.8243
20180226 0.0109
20180227 0.6698
20180228 1.9519
20180301 0.3348
20180302 0.0
20180303 1.2274
20180304 0.0216
20180305 0.1619
20180306 0.2082
20180307 1.8136
20180308 1.3954
20180309 1.5586
20180310 1.1727
20180311 0.5867
20180312 1.2977
20180313 1.466
20180314 1.4511
20180315 0.9535
20180316 0.4647
20180317 1.1728
20180318 1.2301
20180319 0.2407
20180320 2.5607
20180321 2.6098
20180322 1.5014
20180323 1.3586
20180324 2.0572
20180325 2.011
20180326 2.0414
20180327 1.6341
20180328 2.4541
20180329 1.6274
20180330 1.9247
20180331 1.6223
20180401 1.7854
20180402 1.4131
20180403 1.2154
20180404 1.3632
20180405 1.2532
20180406 1.8505
20180407 1.9955
20180408 1.9322
20180409 1.9522
20180410 1.9386
20180411 0.8006
20180412 1.6877
20180413 1.8788
20180414 1.4816
20180415 1.2212
20180416 1.8755
20180417 1.9584
20180418 1.7041
20180419 1.7912
20180420 1.5766
20180421 2.116
20180422 1.9405
20180423 1.8173
20180424 1.7222
20180425 1.6463
20180426 1.6372
20180427 1.5647
20180428 1.8034
20180429 0.4316
20180430 0.3925
20180501 0.4304
20180502 2.6057
20180503 1.3008
20180504 2.1163
20180505 2.0289
20180506 2.2278
20180507 1.6611
20180508 1.9364
20180509 1.894
20180510 1.6315
20180511 1.7562
20180512 2.3855
20180513 1.0449
20180514 1.8289
20180515 1.0977
20180516 1.4531
20180517 1.6602
20180518 1.663
20180519 1.9659
20180520 1.906
20180521 1.7538
20180522 1.2839
20180523 1.9411
20180524 1.715
20180525 1.7335
20180526 1.9099
20180527 1.5709
20180528 1.7043
20180529 1.7594
20180530 1.783
20180531 1.7529
20180601 1.2393
20180602 1.6684
20180603 2.2184
20180604 1.5845
20180605 1.1179
20180606 1.5332
20180607 0.3712
20180608 1.2807
20180609 0.3018
20180610 2.6616
20180611 2.3352
20180612 1.1488
20180613 0.7954
20180614 0.0633
20180615 0.0052
20180616 0.1655
20180617 0.0978
20180618 1.2061
20180619 0.7619
20180620 0.2611
20180621 0.4068
20180622 1.7025
20180623 0.1737
20180624 0.0138
20180625 0.6791
20180626 2.0112
20180627 3.1195
20180628 1.9065
20180629 1.9817
20180630 3.2739
20180701 3.3095
20180702 2.3165
20180703 2.2442
20180704 1.7698
20180705 3.1574
20180706 2.1382
20180707 2.7919
20180708 2.4068
20180709 1.9193
20180710 2.1488
20180711 2.6978
20180712 1.7496
20180713 1.7135
20180714 3.3676
20180715 5.9383
20180716 3.6466
20180717 4.8845
20180718 2.3447
20180719 1.9599
20180720 4.0532
20180721 3.2099
20180722 4.8439
20180723 4.8754
20180724 1.903
20180725 0.5883
20180726 0.0195
20180727 1.9527
20180728 0.1828
20180729 0.3442
20180730 2.4528
20180731 0.9521
20180801 1.9118
20180802 2.7934
20180803 2.8371
20180804 2.7102
20180805 2.8398
20180806 1.6774
20180807 0.069
20180808 0.8654
20180809 1.4988
20180810 0.1197
20180811 2.1077
20180812 2.6071
20180813 0.5139
20180814 1.5694
20180815 1.2688
20180816 1.9951
20180817 1.4182
20180818 1.481
20180819 1.7404
20180820 1.776
20180821 1.5925
20180822 1.6782
20180823 1.3541
20180824 1.328
20180825 1.5901
20180826 1.0954
20180827 0.2392
20180828 0.4018
20180829 0.7912
20180830 1.8891
20180831 1.8899
20180901 1.5422
20180902 1.3227
20180903 1.5918
20180904 1.9349
20180905 1.9464
20180906 0.7597
20180907 1.221
20180908 1.5536
20180909 3.1995
20180910 3.1176
20180911 2.1604
20180912 1.7785
20180913 1.4211
20180914 2.1632
20180915 1.2783
20180916 0.2119
20180917 0.1961
20180918 0.3381
20180919 0.9256
20180920 0.4269
20180921 0.2981
20180922 0.1787
20180923 0.067
20180924 1.3397
20180925 0.8688
20180926 0.0985
20180927 0.1719
20180928 0.0747
20180929 1.9326
20180930 0.1014
20181001 0.0519
20181002 0.1868
20181003 0.1608
20181004 0.1651
20181005 0.2006
20181006 0.1698
20181007 0.0147
20181008 0.1369
20181009 0.1363
20181010 1.9359
20181011 0.1094
20181012 0.1788
20181013 0.228
20181014 0.7017
20181015 1.2885
20181016 0.1024
20181017 0.121
20181018 1.874
20181019 1.5128
20181020 0.7797
20181021 1.2974
20181022 1.6223
20181023 0.715
20181024 0.7226
20181025 1.2178
20181026 0.2092
20181027 0.5863
20181028 1.7664
20181029 0.0165
20181030 0.3015
20181031 1.4809
20181101 0.7134
20181102 0.107
20181103 0.0376
20181104 0.8075
20181105 0.1876
20181106 0.23
20181107 0.4875
20181108 0.2893
20181109 0.3417
20181110 0.1418
20181111 0.4347
20181112 0.6237
20181113 0.2738
20181114 1.5954
20181115 2.0213
20181116 0.6656
20181117 0.3183
20181118 0.0
20181119 0.0
20181120 0.0
20181121 0.0
20181122 0.0
20181123 5.0339
20181124 0.82
20181125 0.2531
20181126 1.0249
20181127 0.8961
20181128 0.0
20181129 0.0
20181130 0.2768
20181201 4.7229
20181202 1.8985
20181203 0.1178
20181204 0.1334
20181205 0.0263
20181206 0.1081
20181207 0.1869
20181208 0.2674
20181209 0.2489
20181210 0.0743
20181211 0.0042
20181212 1.0252
20181213 1.9525
20181214 1.876
20181215 1.0726
20181216 0.0
20181217 0.8608
20181218 0.7208
20181219 0.308
20181220 0.3126
20181221 1.6652
20181222 1.2107
20181223 0.1382
20181224 0.1806
20181225 0.2422
20181226 0.2243
20181227 0.0819
20181228 0.2192
20181229 0.2014
20181230 0.0776
20181231 0.1253
