Kreekrak_spuisluis
* Q in miljoen m3 per dag
* period 2010 t/m 2018
*DATUM WAARDE
20100101 0.5184
20100102 0.3888
20100103 0.4666
20100104 0.1987
20100105 0.2074
20100106 0.1728
20100107 0.1296
20100108 0.216
20100109 0.2678
20100110 0.3283
20100111 0.4147
20100112 0.4666
20100113 0.4666
20100114 0.3888
20100115 0.3456
20100116 0.337
20100117 0.3888
20100118 0.3802
20100119 0.311
20100120 0.2678
20100121 0.3542
20100122 0.3456
20100123 0.3456
20100124 0.3456
20100125 0.0346
20100126 0.0173
20100127 0.0346
20100128 -0.0346
20100129 -0.0086
20100130 0.0691
20100131 0.0173
20100201 0.0518
20100202 0.0173
20100203 0.095
20100204 0.0086
20100205 -0.0173
20100206 0.0259
20100207 0.0605
20100208 0.2506
20100209 0.1901
20100210 0.1296
20100211 0.1901
20100212 0.1469
20100213 0.1814
20100214 0.1901
20100215 0.1901
20100216 0.1728
20100217 0.0778
20100218 0.1728
20100219 0.1469
20100220 0.1987
20100221 0.0432
20100222 0.0432
20100223 0.095
20100224 0.0259
20100225 0.121
20100226 0.121
20100227 -0.0173
20100228 0.121
20100301 0.095
20100302 0.0778
20100303 0.0778
20100304 0.0173
20100305 0.0346
20100306 0.0432
20100307 0.1037
20100308 0.1382
20100309 0.337
20100310 0.0
20100311 0.0259
20100312 0.0778
20100313 0.0605
20100314 0.0432
20100315 0.1123
20100316 0.2506
20100317 0.1469
20100318 0.0
20100319 0.0518
20100320 0.0259
20100321 0.0864
20100322 0.095
20100323 0.0691
20100324 0.0605
20100325 0.0173
20100326 0.0605
20100327 -0.0173
20100328 0.2333
20100329 0.5443
20100330 0.6134
20100331 0.6221
20100401 0.648
20100402 0.5789
20100403 0.4493
20100404 0.3888
20100405 0.2678
20100406 0.2592
20100407 0.3542
20100408 0.3456
20100409 0.2765
20100410 0.337
20100411 0.2419
20100412 0.216
20100413 0.3283
20100414 0.3024
20100415 0.0605
20100416 -0.1037
20100417 -0.0778
20100418 0.0259
20100419 -0.1123
20100420 -0.0864
20100421 -0.1555
20100422 -0.0518
20100423 -0.121
20100424 -0.1123
20100425 -0.095
20100426 -0.1123
20100427 0.0518
20100428 0.1469
20100429 0.1123
20100430 0.0518
20100501 0.1037
20100502 0.2419
20100503 0.0691
20100504 0.0
20100505 0.0346
20100506 0.0259
20100507 0.0173
20100508 0.0432
20100509 0.0778
20100510 0.0605
20100511 0.0605
20100512 0.0432
20100513 0.0778
20100514 0.121
20100515 0.0432
20100516 0.0
20100517 0.0778
20100518 0.1123
20100519 0.0864
20100520 0.0518
20100521 0.0691
20100522 0.0864
20100523 0.1555
20100524 0.121
20100525 0.2333
20100526 0.1123
20100527 0.1296
20100528 0.095
20100529 0.121
20100530 0.0432
20100531 0.1123
20100601 0.0173
20100602 0.0518
20100603 0.0518
20100604 0.0778
20100605 0.0346
20100606 0.0518
20100607 0.0778
20100608 0.0864
20100609 0.095
20100610 0.121
20100611 0.1296
20100612 0.095
20100613 0.2765
20100614 0.2419
20100615 0.2419
20100616 0.2074
20100617 0.2246
20100618 0.216
20100619 0.1382
20100620 0.1642
20100621 -0.0259
20100622 0.0
20100623 -0.0086
20100624 0.0432
20100625 -0.0518
20100626 0.0173
20100627 0.1123
20100628 0.2765
20100629 0.2592
20100630 0.2074
20100701 0.2419
20100702 0.1901
20100703 0.1728
20100704 0.2765
20100705 0.216
20100706 0.1296
20100707 0.121
20100708 0.0864
20100709 0.0864
20100710 0.1555
20100711 0.0518
20100712 0.3197
20100713 0.1987
20100714 0.2592
20100715 0.2592
20100716 0.3629
20100717 0.2246
20100718 0.3024
20100719 0.2592
20100720 0.2678
20100721 0.337
20100722 0.1987
20100723 0.2938
20100724 0.2333
20100725 0.2333
20100726 0.2419
20100727 0.2592
20100728 0.2506
20100729 0.2419
20100730 0.2678
20100731 0.2333
20100801 0.2592
20100802 0.2938
20100803 0.3629
20100804 0.3283
20100805 0.2765
20100806 0.2246
20100807 0.337
20100808 0.3024
20100809 0.3974
20100810 0.2851
20100811 0.2246
20100812 0.3542
20100813 0.3197
20100814 0.3283
20100815 0.2938
20100816 0.4147
20100817 0.2851
20100818 0.3456
20100819 0.2592
20100820 0.3283
20100821 0.3283
20100822 0.4061
20100823 0.2765
20100824 0.2938
20100825 0.337
20100826 0.3715
20100827 0.3197
20100828 0.337
20100829 0.2851
20100830 0.5875
20100831 0.5011
20100901 0.4493
20100902 0.2678
20100903 0.216
20100904 0.3283
20100905 0.4234
20100906 0.2333
20100907 0.216
20100908 0.1987
20100909 0.2851
20100910 0.1987
20100911 0.1901
20100912 0.2938
20100913 0.121
20100914 0.1987
20100915 0.1728
20100916 0.1555
20100917 0.1642
20100918 0.1037
20100919 0.1901
20100920 0.3024
20100921 0.2506
20100922 0.3283
20100923 0.2506
20100924 0.2678
20100925 0.3542
20100926 0.3715
20100927 0.2938
20100928 0.337
20100929 0.311
20100930 0.3974
20101001 0.4061
20101002 0.3024
20101003 0.3715
20101004 0.2246
20101005 0.1642
20101006 0.1382
20101007 0.1296
20101008 0.2333
20101009 0.1814
20101010 0.1642
20101011 0.1901
20101012 0.1123
20101013 0.0518
20101014 0.1728
20101015 0.1728
20101016 0.1555
20101017 0.1728
20101018 0.216
20101019 0.1814
20101020 0.2592
20101021 0.2506
20101022 0.1555
20101023 0.1469
20101024 0.2678
20101025 0.3715
20101026 0.311
20101027 0.337
20101028 0.3715
20101029 0.3197
20101030 0.2333
20101031 0.3197
20101101 0.0086
20101102 0.0518
20101103 0.0173
20101104 0.0778
20101105 0.0173
20101106 0.0605
20101107 0.0259
20101108 0.2592
20101109 0.2333
20101110 0.2419
20101111 0.2678
20101112 0.311
20101113 0.2938
20101114 0.3197
20101115 0.216
20101116 0.1037
20101117 0.2678
20101118 0.1814
20101119 0.095
20101120 0.1469
20101121 0.095
20101122 0.0864
20101123 0.0173
20101124 0.0864
20101125 0.0864
20101126 0.0259
20101127 0.0346
20101128 0.0778
20101129 -0.1469
20101130 -0.1814
20101201 -0.2074
20101202 -0.3197
20101203 -0.3974
20101204 -0.311
20101205 -0.4061
20101206 -0.6221
20101207 -0.7085
20101208 -0.7344
20101209 -0.7085
20101210 -0.7344
20101211 -0.6566
20101212 -0.7085
20101213 0.5357
20101214 0.432
20101215 0.3542
20101216 0.311
20101217 0.3283
20101218 0.3542
20101219 0.4234
20101220 0.337
20101221 0.3283
20101222 0.3974
20101223 0.3888
20101224 0.4838
20101225 0.5184
20101226 0.3629
20101227 0.3974
20101228 0.2592
20101229 0.3024
20101230 0.337
20101231 1.0973
20110101 0.4147
20110102 0.527
20110103 0.2246
20110104 0.2246
20110105 0.1123
20110106 0.3197
20110107 0.2678
20110108 0.1901
20110109 0.1987
20110110 0.337
20110111 0.2506
20110112 0.4147
20110113 0.2765
20110114 0.2678
20110115 0.3456
20110116 0.337
20110117 0.0518
20110118 -0.0086
20110119 -0.0173
20110120 0.0086
20110121 -0.0259
20110122 -0.0432
20110123 0.0691
20110124 -0.0259
20110125 -0.1123
20110126 -0.0518
20110127 -0.0086
20110128 -0.095
20110129 -0.0259
20110130 0.0259
20110131 0.0432
20110201 -0.0432
20110202 -0.0432
20110203 0.0
20110204 -0.0086
20110205 -0.0173
20110206 0.0259
20110207 -0.0346
20110208 0.0346
20110209 0.0086
20110210 0.0086
20110211 -0.0086
20110212 0.0
20110213 0.0605
20110214 0.0605
20110215 0.0518
20110216 0.0086
20110217 0.0605
20110218 0.0605
20110219 -0.0086
20110220 0.1469
20110221 0.0691
20110222 0.0778
20110223 0.1123
20110224 0.0691
20110225 0.0086
20110226 0.0086
20110227 0.0432
20110228 0.0432
20110301 0.0086
20110302 -0.0173
20110303 0.0
20110304 -0.0086
20110305 -0.0259
20110306 0.0086
20110307 -0.0173
20110308 -0.0259
20110309 0.0518
20110310 -0.0432
20110311 -0.0432
20110312 0.095
20110313 0.0778
20110314 0.0778
20110315 0.0259
20110316 0.0518
20110317 0.095
20110318 -0.0346
20110319 0.095
20110320 0.1037
20110321 -0.0086
20110322 -0.0346
20110323 0.095
20110324 0.0086
20110325 0.0259
20110326 0.0346
20110327 0.0432
20110328 0.0086
20110329 -0.0086
20110330 -0.0432
20110331 -0.0346
20110401 0.095
20110402 -0.0432
20110403 -0.0864
20110404 -0.0086
20110405 -0.0259
20110406 0.0
20110407 0.0346
20110408 0.0086
20110409 -0.0691
20110410 0.0518
20110411 0.1123
20110412 -0.095
20110413 0.0605
20110414 -0.0518
20110415 0.0605
20110416 -0.0346
20110417 0.0259
20110418 0.095
20110419 0.0778
20110420 0.0432
20110421 0.1296
20110422 0.095
20110423 0.1123
20110424 0.1469
20110425 0.1382
20110426 0.1642
20110427 0.1901
20110428 0.095
20110429 0.0605
20110430 0.1642
20110501 0.1555
20110502 0.0
20110503 0.0086
20110504 0.0518
20110505 0.0605
20110506 -0.0259
20110507 -0.0259
20110508 0.0259
20110509 0.0173
20110510 -0.0605
20110511 -0.0259
20110512 0.0518
20110513 -0.0173
20110514 -0.0173
20110515 0.0086
20110516 0.2678
20110517 0.2592
20110518 0.2506
20110519 0.1901
20110520 0.2246
20110521 0.2333
20110522 0.2851
20110523 0.0173
20110524 -0.095
20110525 0.0605
20110526 0.121
20110527 0.0
20110528 -0.0173
20110529 0.0259
20110530 0.2074
20110531 0.1728
20110601 0.216
20110602 0.2938
20110603 0.2074
20110604 0.1728
20110605 0.1642
20110606 0.311
20110607 0.3283
20110608 0.3629
20110609 0.3802
20110610 0.5184
20110611 0.3715
20110612 0.2506
20110613 0.2074
20110614 0.2506
20110615 0.1814
20110616 0.1728
20110617 0.1728
20110618 0.1987
20110619 0.1469
20110620 0.2765
20110621 0.216
20110622 0.2765
20110623 0.2592
20110624 0.1555
20110625 0.1987
20110626 0.2074
20110627 0.3888
20110628 0.3542
20110629 0.3024
20110630 0.3197
20110701 0.337
20110702 0.3283
20110703 0.4579
20110704 0.4752
20110705 0.3629
20110706 0.337
20110707 0.2592
20110708 0.337
20110709 0.3024
20110710 0.3629
20110711 0.3197
20110712 0.216
20110713 0.337
20110714 0.2678
20110715 0.2851
20110716 0.2851
20110717 0.2851
20110718 0.3024
20110719 0.3283
20110720 0.216
20110721 0.3197
20110722 0.1987
20110723 0.2765
20110724 0.216
20110725 0.3629
20110726 0.337
20110727 0.3024
20110728 0.2765
20110729 0.3456
20110730 0.3283
20110731 0.3456
20110801 0.311
20110802 0.3542
20110803 0.3283
20110804 0.3456
20110805 0.2765
20110806 0.3197
20110807 0.3542
20110808 0.2592
20110809 0.2419
20110810 0.2419
20110811 0.1987
20110812 0.2678
20110813 0.337
20110814 0.3283
20110815 0.337
20110816 0.337
20110817 0.337
20110818 0.337
20110819 0.337
20110820 0.337
20110821 0.337
20110822 0.1728
20110823 0.1728
20110824 0.1728
20110825 0.1728
20110826 0.1728
20110827 0.1728
20110828 0.1728
20110829 0.2765
20110830 0.2765
20110831 0.2765
20110901 0.2419
20110902 0.1728
20110903 0.1728
20110904 0.2333
20110905 0.3024
20110906 0.2333
20110907 0.2333
20110908 0.2246
20110909 0.1642
20110910 0.2246
20110911 0.3197
20110912 0.1382
20110913 0.2851
20110914 0.1901
20110915 0.2506
20110916 0.1037
20110917 0.2074
20110918 0.1728
20110919 0.1901
20110920 0.2333
20110921 0.2074
20110922 0.1987
20110923 0.1901
20110924 0.1296
20110925 0.1555
20110926 0.1555
20110927 0.1728
20110928 0.0778
20110929 0.0864
20110930 0.0346
20111001 0.1037
20111002 0.0518
20111003 0.2765
20111004 0.2074
20111005 0.2419
20111006 0.2074
20111007 0.2246
20111008 0.2419
20111009 0.1642
20111010 0.2851
20111011 0.2938
20111012 0.2419
20111013 0.3715
20111014 0.311
20111015 0.3456
20111016 0.3715
20111017 0.3197
20111018 0.3542
20111019 0.2678
20111020 0.4061
20111021 0.3283
20111022 0.3629
20111023 0.4147
20111024 0.1037
20111025 0.1037
20111026 0.095
20111027 0.0691
20111028 0.0864
20111029 0.0432
20111030 0.1123
20111031 0.1728
20111101 0.1555
20111102 0.1642
20111103 0.1987
20111104 0.2074
20111105 0.1037
20111106 0.1987
20111107 0.3283
20111108 0.2765
20111109 0.2765
20111110 0.0346
20111111 0.0518
20111112 0.0173
20111113 0.1555
20111114 0.4061
20111115 0.3456
20111116 0.311
20111117 0.2592
20111118 0.3888
20111119 0.3888
20111120 0.216
20111121 0.2419
20111122 0.1642
20111123 0.2333
20111124 0.1555
20111125 0.1901
20111126 0.216
20111127 0.2246
20111128 0.2851
20111129 0.2678
20111130 0.2592
20111201 0.2333
20111202 0.2419
20111203 0.2074
20111204 0.2851
20111205 0.2592
20111206 0.1469
20111207 0.2419
20111208 0.1814
20111209 0.1296
20111210 0.1814
20111211 0.2246
20111212 0.3024
20111213 0.3542
20111214 0.3629
20111215 0.2938
20111216 0.3629
20111217 0.4234
20111218 0.3888
20111219 0.1814
20111220 0.2592
20111221 0.3197
20111222 0.1987
20111223 0.1642
20111224 0.2419
20111225 0.2851
20111226 0.2938
20111227 0.2074
20111228 0.2246
20111229 0.216
20111230 0.1814
20111231 0.2851
20120101 0.3974
20120102 0.2678
20120103 0.1814
20120104 0.2851
20120105 0.3197
20120106 0.4234
20120107 0.311
20120108 0.2506
20120109 0.1037
20120110 0.0605
20120111 -0.0432
20120112 -0.0086
20120113 0.0086
20120114 0.0346
20120115 0.095
20120116 0.1037
20120117 -0.0346
20120118 0.0259
20120119 0.0346
20120120 0.0259
20120121 -0.0173
20120122 -0.0518
20120123 0.7603
20120124 0.6998
20120125 0.6912
20120126 0.6739
20120127 0.6998
20120128 0.7258
20120129 0.8208
20120130 0.5011
20120131 0.4579
20120201 0.553
20120202 0.4752
20120203 0.4493
20120204 0.5011
20120205 0.4666
20120206 0.3542
20120207 0.2506
20120208 0.2506
20120209 0.3629
20120210 0.2506
20120211 0.4493
20120212 0.1987
20120213 0.3197
20120214 0.311
20120215 0.3024
20120216 0.2419
20120217 0.2506
20120218 0.2506
20120219 0.3715
20120220 0.1987
20120221 0.1382
20120222 0.2246
20120223 0.1728
20120224 0.1901
20120225 0.1987
20120226 0.2246
20120227 0.0778
20120228 -0.0432
20120229 0.0
20120301 0.0
20120302 -0.0086
20120303 0.0
20120304 0.0086
20120305 0.0346
20120306 -0.0778
20120307 -0.0259
20120308 -0.0346
20120309 -0.0864
20120310 0.0346
20120311 0.0432
20120312 0.1296
20120313 0.0346
20120314 0.0346
20120315 0.0346
20120316 0.0086
20120317 -0.0173
20120318 0.0173
20120319 0.095
20120320 0.0518
20120321 0.0346
20120322 -0.0259
20120323 0.0432
20120324 0.0778
20120325 0.1555
20120326 0.0518
20120327 0.0173
20120328 0.0346
20120329 0.0518
20120330 0.0432
20120331 0.1037
20120401 0.0518
20120402 0.0691
20120403 0.0086
20120404 0.0432
20120405 0.0605
20120406 0.0691
20120407 0.0086
20120408 0.0778
20120409 0.1382
20120410 0.0086
20120411 -0.0173
20120412 0.0778
20120413 -0.0259
20120414 -0.0259
20120415 -0.0346
20120416 -0.0605
20120417 -0.0346
20120418 0.0086
20120419 0.0518
20120420 0.0
20120421 0.0346
20120422 0.0346
20120423 0.095
20120424 0.7776
20120425 0.0518
20120426 0.0691
20120427 0.0
20120428 0.0778
20120429 0.1382
20120430 0.121
20120501 0.1123
20120502 0.0778
20120503 0.4147
20120504 0.1123
20120505 0.1123
20120506 0.1123
20120507 0.1814
20120508 0.1642
20120509 0.0259
20120510 0.0518
20120511 0.0605
20120512 0.0432
20120513 -0.0346
20120514 0.1123
20120515 0.095
20120516 0.0605
20120517 -0.0086
20120518 -0.0518
20120519 0.0
20120520 0.0778
20120521 0.1382
20120522 0.0518
20120523 0.0518
20120524 0.0086
20120525 0.0
20120526 0.0864
20120527 0.1469
20120528 0.1123
20120529 -0.0173
20120530 0.0086
20120531 0.0518
20120601 0.0259
20120602 0.0778
20120603 0.0605
20120604 0.1987
20120605 0.1469
20120606 0.1296
20120607 0.1296
20120608 0.1642
20120609 0.1555
20120610 0.095
20120611 0.2074
20120612 0.1642
20120613 0.1814
20120614 0.1728
20120615 0.0864
20120616 0.1814
20120617 0.1469
20120618 0.0346
20120619 0.095
20120620 0.1037
20120621 0.095
20120622 0.0173
20120623 0.0605
20120624 -0.0086
20120625 0.0691
20120626 -0.0259
20120627 0.0432
20120628 0.0432
20120629 -0.0259
20120630 0.0086
20120701 0.0691
20120702 0.0346
20120703 0.1037
20120704 0.0864
20120705 0.0346
20120706 0.0864
20120707 0.1296
20120708 0.2419
20120709 0.1382
20120710 0.2333
20120711 0.1901
20120712 0.216
20120713 0.2419
20120714 0.1037
20120715 0.1987
20120716 0.121
20120717 0.121
20120718 0.121
20120719 0.121
20120720 0.121
20120721 0.121
20120722 0.121
20120723 0.121
20120724 0.121
20120725 0.121
20120726 0.121
20120727 0.121
20120728 0.121
20120729 0.121
20120730 0.0259
20120731 0.0259
20120801 0.0605
20120802 0.0691
20120803 0.0086
20120804 -0.0173
20120805 0.0691
20120806 -0.0086
20120807 0.0778
20120808 0.0518
20120809 0.0432
20120810 0.0518
20120811 0.0778
20120812 0.0691
20120813 0.1123
20120814 0.0691
20120815 0.0346
20120816 0.0778
20120817 -0.0346
20120818 0.0346
20120819 0.095
20120820 0.121
20120821 -0.0173
20120822 0.0778
20120823 0.0691
20120824 0.0346
20120825 0.0864
20120826 0.0518
20120827 0.4234
20120828 0.3283
20120829 0.3283
20120830 0.1642
20120831 0.1901
20120901 0.1901
20120902 0.1728
20120903 0.1901
20120904 0.1469
20120905 0.121
20120906 0.1382
20120907 0.216
20120908 0.0432
20120909 0.2592
20120910 0.5357
20120911 0.3888
20120912 0.2938
20120913 0.216
20120914 0.2765
20120915 0.3715
20120916 0.3456
20120917 0.1642
20120918 0.2074
20120919 0.2246
20120920 0.2419
20120921 0.2678
20120922 0.2246
20120923 0.1987
20120924 0.1987
20120925 0.2678
20120926 0.1728
20120927 0.1642
20120928 0.1814
20120929 0.2246
20120930 0.2074
20121001 0.4666
20121002 0.3456
20121003 0.2938
20121004 0.2851
20121005 0.2419
20121006 0.311
20121007 0.3542
20121008 0.311
20121009 0.311
20121010 0.2765
20121011 0.2246
20121012 0.216
20121013 0.311
20121014 0.3629
20121015 0.2938
20121016 0.2592
20121017 0.3024
20121018 0.3283
20121019 0.3024
20121020 0.337
20121021 0.3024
20121022 0.2592
20121023 0.3283
20121024 0.3024
20121025 0.3542
20121026 0.4061
20121027 0.2851
20121028 0.337
20121029 0.2765
20121030 0.2938
20121031 0.216
20121101 0.2506
20121102 0.2592
20121103 0.3456
20121104 0.2851
20121105 0.4493
20121106 0.3715
20121107 0.4406
20121108 0.1382
20121109 0.1642
20121110 0.1382
20121111 0.1728
20121112 0.4493
20121113 0.4061
20121114 0.4406
20121115 0.4234
20121116 0.3283
20121117 0.4234
20121118 0.4406
20121119 0.2592
20121120 0.1901
20121121 0.2074
20121122 0.2246
20121123 0.2333
20121124 0.1901
20121125 0.2851
20121126 0.2419
20121127 0.2678
20121128 0.1814
20121129 0.1901
20121130 0.1728
20121201 0.1382
20121202 0.2506
20121203 0.2765
20121204 0.3888
20121205 0.3456
20121206 0.3802
20121207 0.2333
20121208 0.2506
20121209 0.2851
20121210 0.4061
20121211 0.3888
20121212 0.3974
20121213 0.3542
20121214 0.3456
20121215 0.3197
20121216 0.4147
20121217 0.2506
20121218 0.3283
20121219 0.2419
20121220 0.216
20121221 0.2246
20121222 0.1901
20121223 0.3024
20121224 0.3974
20121225 0.4493
20121226 0.4406
20121227 0.3629
20121228 0.311
20121229 0.3715
20121230 0.4666
20121231 0.1469
20130101 0.1814
20130102 0.2419
20130103 0.0864
20130104 0.1987
20130105 0.1469
20130106 0.1382
20130107 0.2419
20130108 0.1555
20130109 0.1296
20130110 0.1814
20130111 0.1814
20130112 0.1642
20130113 0.1901
20130114 0.216
20130115 0.095
20130116 0.0778
20130117 0.0864
20130118 0.1382
20130119 0.1469
20130120 0.216
20130121 0.2074
20130122 0.0864
20130123 0.0778
20130124 0.0864
20130125 0.1642
20130126 0.0864
20130127 0.0518
20130128 0.2592
20130129 0.2333
20130130 0.1987
20130131 0.2506
20130201 0.1987
20130202 0.1469
20130203 0.2419
20130204 0.2074
20130205 0.1901
20130206 0.1728
20130207 0.2074
20130208 0.3456
20130209 0.216
20130210 0.311
20130211 0.2074
20130212 -0.0086
20130213 0.3456
20130214 -0.0173
20130215 -0.0605
20130216 0.121
20130217 0.0691
20130218 0.311
20130219 0.095
20130220 0.216
20130221 0.0691
20130222 0.0864
20130223 0.095
20130224 0.0864
20130225 -0.0864
20130226 -0.1728
20130227 -0.1123
20130228 -0.095
20130301 -0.0778
20130302 0.0
20130303 -0.0864
20130304 0.1469
20130305 0.121
20130306 0.0173
20130307 0.0518
20130308 0.0518
20130309 0.1123
20130310 0.0518
20130311 0.0518
20130312 0.0864
20130313 0.0346
20130314 0.0173
20130315 0.0605
20130316 0.0
20130317 0.0
20130318 -0.0086
20130319 0.0691
20130320 0.0864
20130321 0.0518
20130322 0.1037
20130323 0.1814
20130324 0.1296
20130325 0.0518
20130326 0.0778
20130327 0.0086
20130328 0.0346
20130329 0.1123
20130330 0.0518
20130331 0.0691
20130401 0.0605
20130402 0.0691
20130403 0.0691
20130404 0.0864
20130405 0.0259
20130406 0.0173
20130407 0.0259
20130408 0.0432
20130409 0.0259
20130410 0.0
20130411 0.0605
20130412 0.0432
20130413 -0.0518
20130414 0.0
20130415 0.0691
20130416 0.0259
20130417 -0.0173
20130418 -0.0086
20130419 0.0518
20130420 -0.0432
20130421 -0.0518
20130422 0.1296
20130423 -0.0086
20130424 0.1814
20130425 0.3283
20130426 0.0259
20130427 0.0259
20130428 0.0
20130429 -0.0173
20130430 -0.1123
20130501 -0.1123
20130502 -0.0173
20130503 -0.1037
20130504 -0.1296
20130505 -0.095
20130506 0.121
20130507 0.0518
20130508 0.0605
20130509 0.0173
20130510 0.121
20130511 0.0086
20130512 0.1296
20130513 0.0864
20130514 0.095
20130515 0.121
20130516 0.1382
20130517 0.1296
20130518 0.0778
20130519 0.1901
20130520 0.1382
20130521 0.1382
20130522 0.0864
20130523 0.1642
20130524 0.095
20130525 0.1555
20130526 0.1382
20130527 0.0173
20130528 0.095
20130529 0.1123
20130530 0.0778
20130531 0.0173
20130601 0.0259
20130602 0.0
20130603 0.1382
20130604 0.0518
20130605 0.0346
20130606 0.0605
20130607 -0.0518
20130608 0.0432
20130609 0.0691
20130610 0.0691
20130611 0.0346
20130612 0.0778
20130613 0.0
20130614 -0.0086
20130615 0.0346
20130616 0.0518
20130617 0.0691
20130618 0.0
20130619 0.0432
20130620 0.0864
20130621 0.095
20130622 0.0086
20130623 0.1296
20130624 0.0173
20130625 0.0432
20130626 0.1296
20130627 0.0086
20130628 0.0778
20130629 0.0778
20130630 0.0605
20130701 0.1728
20130702 0.1296
20130703 0.1469
20130704 0.1296
20130705 0.1123
20130706 0.1123
20130707 0.1555
20130708 0.1296
20130709 0.1123
20130710 0.1296
20130711 0.0778
20130712 0.1382
20130713 0.121
20130714 0.1555
20130715 -0.0086
20130716 0.0173
20130717 0.0173
20130718 0.095
20130719 0.0086
20130720 0.0518
20130721 0.0086
20130722 -0.0691
20130723 -0.095
20130724 -0.0691
20130725 -0.0691
20130726 -0.1382
20130727 0.0259
20130728 0.0086
20130729 0.3802
20130730 0.3542
20130731 0.3283
20130801 0.3024
20130802 0.4752
20130803 0.4752
20130804 0.3888
20130805 0.0864
20130806 0.2851
20130807 0.1728
20130808 0.2419
20130809 0.1037
20130810 0.0432
20130811 0.0691
20130812 0.3024
20130813 0.2938
20130814 0.2938
20130815 0.0605
20130816 0.1382
20130817 0.0518
20130818 0.1123
20130819 0.0691
20130820 0.1296
20130821 0.0432
20130822 0.095
20130823 0.0605
20130824 0.0864
20130825 0.0
20130826 0.1555
20130827 0.2074
20130828 0.1469
20130829 0.1555
20130830 0.1642
20130831 0.121
20130901 0.0864
20130902 0.1901
20130903 0.1642
20130904 0.1555
20130905 0.2074
20130906 0.1469
20130907 0.1469
20130908 0.2074
20130909 0.1987
20130910 0.2678
20130911 0.2333
20130912 0.1814
20130913 0.1469
20130914 0.1728
20130915 0.2765
20130916 0.216
20130917 0.3542
20130918 0.527
20130919 0.3456
20130920 0.2765
20130921 0.2765
20130922 0.337
20130923 0.2333
20130924 0.1901
20130925 0.1901
20130926 0.2765
20130927 0.1814
20130928 0.216
20130929 0.2333
20130930 0.0432
20131001 0.095
20131002 0.095
20131003 0.1037
20131004 0.0259
20131005 0.1382
20131006 0.0346
20131007 0.0432
20131008 0.1728
20131009 0.121
20131010 0.1382
20131011 0.1901
20131012 0.1469
20131013 0.1296
20131014 0.4925
20131015 0.4493
20131016 0.3888
20131017 0.3456
20131018 0.4493
20131019 0.3629
20131020 0.311
20131021 0.2851
20131022 0.3283
20131023 0.2765
20131024 0.311
20131025 0.2678
20131026 0.2246
20131027 0.2938
20131028 0.1814
20131029 0.216
20131030 0.1728
20131031 0.2765
20131101 0.1901
20131102 0.216
20131103 0.1642
20131104 0.2851
20131105 0.3456
20131106 0.3283
20131107 0.3024
20131108 0.311
20131109 0.1987
20131110 0.3629
20131111 0.2419
20131112 0.2246
20131113 0.1987
20131114 0.095
20131115 0.0778
20131116 0.095
20131117 0.1382
20131118 0.3715
20131119 0.3888
20131120 0.3542
20131121 0.4147
20131122 0.311
20131123 0.3456
20131124 0.3715
20131125 0.1296
20131126 0.1555
20131127 0.1469
20131128 0.2592
20131129 0.1642
20131130 0.2074
20131201 0.2246
20131202 0.2765
20131203 0.2851
20131204 0.2851
20131205 0.0691
20131206 0.0691
20131207 0.121
20131208 0.1642
20131209 0.1382
20131210 0.1642
20131211 0.1469
20131212 0.1555
20131213 0.1555
20131214 0.0691
20131215 0.1555
20131216 0.1037
20131217 0.121
20131218 0.0691
20131219 0.1296
20131220 0.0778
20131221 0.0605
20131222 0.0432
20131223 0.0173
20131224 0.0086
20131225 0.1382
20131226 0.095
20131227 0.0086
20131228 -0.0173
20131229 0.0432
20131230 0.0864
20131231 0.1037
20140101 0.3629
20140102 0.0518
20140103 0.121
20140104 0.121
20140105 0.1814
20140106 0.0432
20140107 0.1123
20140108 0.095
20140109 0.0864
20140110 0.0778
20140111 0.1037
20140112 0.095
20140113 0.2333
20140114 0.2074
20140115 0.1555
20140116 0.1469
20140117 0.0864
20140118 0.2419
20140119 0.2419
20140120 0.1123
20140121 0.0778
20140122 0.0864
20140123 0.1296
20140124 0.0864
20140125 0.1037
20140126 0.1469
20140127 0.1296
20140128 -0.0086
20140129 0.0173
20140130 0.0778
20140131 0.0432
20140201 0.0605
20140202 0.0259
20140203 -0.6566
20140204 -0.6998
20140205 -0.6566
20140206 -0.5875
20140207 -0.6394
20140208 -0.7085
20140209 -0.5702
20140210 0.4752
20140211 0.4147
20140212 0.4061
20140213 0.4666
20140214 0.4579
20140215 0.4925
20140216 0.5357
20140217 0.337
20140218 0.3802
20140219 0.4147
20140220 0.4061
20140221 0.311
20140222 0.3542
20140223 0.3629
20140224 0.1296
20140225 0.2592
20140226 0.2506
20140227 0.2419
20140228 0.1296
20140301 0.2074
20140302 0.2074
20140303 0.1555
20140304 0.1037
20140305 0.216
20140306 0.1382
20140307 0.1382
20140308 0.1728
20140309 0.0778
20140310 0.1469
20140311 0.0864
20140312 0.121
20140313 0.0864
20140314 0.0605
20140315 0.095
20140316 0.0864
20140317 0.095
20140318 0.121
20140319 0.0864
20140320 0.0432
20140321 0.0691
20140322 0.0778
20140323 0.1296
20140324 0.0432
20140325 0.0
20140326 0.0173
20140327 0.1037
20140328 0.0259
20140329 0.0432
20140330 0.0432
20140331 -0.0086
20140401 0.1469
20140402 0.1296
20140403 0.0691
20140404 0.0691
20140405 0.0605
20140406 0.0
20140407 0.0605
20140408 0.0691
20140409 0.0346
20140410 0.0
20140411 0.0605
20140412 0.0
20140413 0.0864
20140414 0.0518
20140415 0.0432
20140416 0.0518
20140417 -0.0432
20140418 0.0605
20140419 0.0086
20140420 0.1382
20140421 0.0259
20140422 0.0518
20140423 -0.0086
20140424 0.0086
20140425 0.0086
20140426 0.0605
20140427 0.0691
20140428 -0.0173
20140429 -0.0518
20140430 -0.0864
20140501 -0.0605
20140502 -0.1555
20140503 -0.0778
20140504 0.0086
20140505 -0.0432
20140506 0.0
20140507 -0.1296
20140508 -0.0346
20140509 -0.0346
20140510 -0.095
20140511 -0.0605
20140512 0.1642
20140513 0.1987
20140514 0.2074
20140515 0.2333
20140516 0.1728
20140517 0.2074
20140518 0.1987
20140519 -0.4752
20140520 -0.5443
20140521 -0.4925
20140522 -0.5443
20140523 -0.553
20140524 -0.5184
20140525 -0.553
20140526 0.3197
20140527 0.2851
20140528 0.3888
20140529 0.4061
20140530 0.3802
20140531 0.3974
20140601 0.3542
20140602 0.3629
20140603 0.3197
20140604 0.4234
20140605 0.3283
20140606 0.3629
20140607 0.3888
20140608 0.3197
20140609 0.2333
20140610 0.2333
20140611 0.2506
20140612 0.216
20140613 0.2333
20140614 0.216
20140615 0.2419
20140616 0.1296
20140617 0.0518
20140618 0.0778
20140619 0.1382
20140620 0.1037
20140621 0.0864
20140622 0.0086
20140623 0.1814
20140624 0.1901
20140625 0.216
20140626 0.2506
20140627 0.1382
20140628 0.095
20140629 0.1469
20140630 0.1555
20140701 0.1814
20140702 0.1382
20140703 0.2333
20140704 0.1901
20140705 0.1987
20140706 0.1987
20140707 0.1123
20140708 0.121
20140709 0.1037
20140710 0.1123
20140711 0.0778
20140712 0.1642
20140713 0.121
20140714 0.3456
20140715 0.2851
20140716 0.4147
20140717 0.3715
20140718 0.3197
20140719 0.3715
20140720 0.3974
20140721 0.0691
20140722 -0.0173
20140723 0.0086
20140724 0.0259
20140725 0.0086
20140726 0.0691
20140727 0.0432
20140728 0.1901
20140729 0.2678
20140730 0.2074
20140731 0.2592
20140801 0.1555
20140802 0.1642
20140803 0.2938
20140804 0.2765
20140805 0.3283
20140806 0.2938
20140807 0.311
20140808 0.2678
20140809 0.2678
20140810 0.2678
20140811 0.2074
20140812 0.1642
20140813 0.216
20140814 0.2419
20140815 0.2074
20140816 0.1814
20140817 0.2765
20140818 0.1382
20140819 0.1296
20140820 0.0086
20140821 0.0259
20140822 -0.0346
20140823 -0.0432
20140824 -0.0691
20140825 0.2851
20140826 0.2938
20140827 0.3542
20140828 0.3974
20140829 0.3197
20140830 0.2506
20140831 0.3629
20140901 0.432
20140902 0.4406
20140903 0.4752
20140904 0.3629
20140905 0.337
20140906 0.3888
20140907 0.3456
20140908 0.1728
20140909 0.1987
20140910 0.1728
20140911 0.1642
20140912 0.1901
20140913 0.1123
20140914 0.1382
20140915 0.1901
20140916 0.1382
20140917 0.1814
20140918 0.1469
20140919 0.121
20140920 0.0518
20140921 0.1296
20140922 0.432
20140923 0.2419
20140924 0.2246
20140925 0.2333
20140926 0.1814
20140927 0.216
20140928 0.2938
20140929 0.1901
20140930 0.1901
20141001 0.1469
20141002 0.2419
20141003 0.5011
20141004 0.1901
20141005 0.2938
20141006 0.2419
20141007 0.2851
20141008 0.4406
20141009 0.2592
20141010 0.2419
20141011 0.2419
20141012 0.2678
20141013 0.0864
20141014 0.1728
20141015 0.1555
20141016 0.1728
20141017 0.1296
20141018 0.0605
20141019 0.1296
20141020 0.3715
20141021 0.311
20141022 0.3024
20141023 0.2678
20141024 0.3283
20141025 0.3888
20141026 0.2246
20141027 0.1469
20141028 0.1814
20141029 0.1728
20141030 0.216
20141031 0.216
20141101 0.216
20141102 0.2333
20141103 0.2765
20141104 0.0778
20141105 0.095
20141106 0.1296
20141107 0.0778
20141108 0.0864
20141109 0.1987
20141110 0.3024
20141111 0.3283
20141112 0.311
20141113 0.2678
20141114 0.2419
20141115 0.2419
20141116 0.2506
20141117 0.0691
20141118 0.1469
20141119 0.1555
20141120 0.1123
20141121 -0.0086
20141122 0.0778
20141123 0.1123
20141124 0.2333
20141125 0.2938
20141126 0.2333
20141127 0.311
20141128 0.2419
20141129 0.3629
20141130 0.3629
20141201 0.311
20141202 0.2074
20141203 0.2246
20141204 0.1382
20141205 0.3456
20141206 0.1296
20141207 0.1642
20141208 0.1814
20141209 0.2592
20141210 0.1296
20141211 0.1728
20141212 0.095
20141213 0.1037
20141214 0.1469
20141215 0.2678
20141216 0.1987
20141217 0.1987
20141218 0.1555
20141219 0.1642
20141220 0.1814
20141221 0.1037
20141222 0.3197
20141223 0.2592
20141224 0.3283
20141225 0.3888
20141226 0.3456
20141227 0.5011
20141228 0.4752
20141229 0.1987
20141230 0.1901
20141231 0.3542
20150101 0.4579
20150102 0.3024
20150103 0.4234
20150104 0.3974
20150105 0.2938
20150106 0.2333
20150107 0.3197
20150108 0.3024
20150109 0.3197
20150110 0.3197
20150111 0.337
20150112 0.2506
20150113 0.2074
20150114 0.1555
20150115 0.0778
20150116 0.1382
20150117 0.1728
20150118 0.2419
20150119 -0.0432
20150120 -0.0346
20150121 -0.0346
20150122 -0.0518
20150123 0.0432
20150124 -0.0778
20150125 -0.1037
20150126 0.2592
20150127 0.959
20150128 0.2419
20150129 0.216
20150130 0.2592
20150131 0.2592
20150201 0.1814
20150202 0.432
20150203 0.3456
20150204 0.3974
20150205 0.3024
20150206 0.3283
20150207 0.2851
20150208 0.3974
20150209 0.121
20150210 0.0605
20150211 0.095
20150212 0.1814
20150213 0.1037
20150214 0.095
20150215 0.0432
20150216 0.095
20150217 0.0518
20150218 0.1642
20150219 0.1037
20150220 0.1469
20150221 0.0864
20150222 0.1296
20150223 0.1382
20150224 0.1555
20150225 0.0864
20150226 0.0432
20150227 0.0778
20150228 0.0
20150301 0.0518
20150302 0.4838
20150303 0.553
20150304 0.5357
20150305 0.527
20150306 0.4925
20150307 0.5184
20150308 0.4234
20150309 0.4234
20150310 0.4752
20150311 0.4925
20150312 0.4925
20150313 0.5098
20150314 0.4752
20150315 0.4234
20150316 0.3888
20150317 0.4493
20150318 0.4666
20150319 0.4666
20150320 0.4579
20150321 0.4234
20150322 0.337
20150323 -0.0346
20150324 0.0432
20150325 0.0259
20150326 0.0864
20150327 -0.0086
20150328 0.0086
20150329 0.0
20150330 0.0691
20150331 0.0346
20150401 0.121
20150402 0.0518
20150403 0.0173
20150404 0.0518
20150405 0.0346
20150406 0.0605
20150407 0.095
20150408 0.1123
20150409 0.095
20150410 0.0691
20150411 0.0
20150412 0.0
20150413 -0.0086
20150414 0.0518
20150415 0.0086
20150416 0.0864
20150417 0.095
20150418 0.0086
20150419 0.0518
20150420 0.0432
20150421 0.0691
20150422 -0.0346
20150423 0.121
20150424 0.743
20150425 0.743
20150426 0.743
20150427 0.7258
20150428 -0.0259
20150429 0.0518
20150430 0.0778
20150501 -0.0259
20150502 -0.0173
20150503 0.0605
20150504 0.095
20150505 -0.0086
20150506 0.0259
20150507 0.0778
20150508 0.1123
20150509 0.0346
20150510 0.0518
20150511 0.4752
20150512 0.527
20150513 0.527
20150514 0.527
20150515 0.5357
20150516 0.5184
20150517 0.5011
20150518 0.3715
20150519 0.4406
20150520 0.4406
20150521 0.4406
20150522 0.4234
20150523 0.4061
20150524 0.3456
20150525 0.3456
20150526 0.3283
20150527 0.4147
20150528 0.3802
20150529 0.3197
20150530 0.3456
20150531 0.2246
20150601 0.1296
20150602 0.0346
20150603 0.0259
20150604 0.0346
20150605 0.0259
20150606 0.095
20150607 0.0518
20150608 0.2074
20150609 0.1123
20150610 0.1555
20150611 0.2506
20150612 0.0691
20150613 0.121
20150614 0.1728
20150615 0.1382
20150616 0.0605
20150617 0.1296
20150618 0.1469
20150619 0.1123
20150620 0.1296
20150621 0.0605
20150622 0.4061
20150623 0.3283
20150624 0.2333
20150625 0.2678
20150626 0.311
20150627 0.2246
20150628 0.3197
20150629 0.3456
20150630 0.0691
20150701 0.1728
20150702 0.1728
20150703 0.0864
20150704 0.121
20150705 0.1469
20150706 0.3024
20150707 0.2851
20150708 0.2851
20150709 0.3283
20150710 0.2506
20150711 0.121
20150712 0.2333
20150713 0.1987
20150714 0.2246
20150715 0.2074
20150716 0.2938
20150717 0.2592
20150718 0.2074
20150719 0.1728
20150720 0.121
20150721 0.1901
20150722 0.1469
20150723 0.095
20150724 0.121
20150725 0.1814
20150726 0.1728
20150727 0.3542
20150728 0.2678
20150729 0.4579
20150730 0.3197
20150731 0.2592
20150801 0.337
20150802 0.3197
20150803 0.1814
20150804 0.1901
20150805 0.1728
20150806 0.1555
20150807 0.1901
20150808 0.1901
20150809 0.1555
20150810 0.3802
20150811 0.3456
20150812 0.432
20150813 0.3542
20150814 0.3456
20150815 0.3456
20150816 0.3283
20150817 0.6048
20150818 0.527
20150819 0.3715
20150820 0.3802
20150821 0.3715
20150822 0.3197
20150823 0.3542
20150824 0.2074
20150825 0.2246
20150826 0.2765
20150827 0.2246
20150828 0.2074
20150829 0.1728
20150830 0.2419
20150831 0.2765
20150901 0.2333
20150902 0.1814
20150903 0.2506
20150904 0.2246
20150905 0.2938
20150906 0.3715
20150907 0.2333
20150908 0.2419
20150909 0.2678
20150910 0.1728
20150911 0.1728
20150912 0.095
20150913 0.2506
20150914 0.2246
20150915 0.2246
20150916 0.9418
20150917 0.1901
20150918 0.2333
20150919 0.2246
20150920 0.1642
20150921 0.3197
20150922 0.2592
20150923 0.3456
20150924 0.1728
20150925 0.2678
20150926 0.2419
20150927 0.2419
20150928 0.2851
20150929 0.2333
20150930 0.1814
20151001 0.3283
20151002 0.2074
20151003 0.2678
20151004 0.2333
20151005 0.3802
20151006 0.3542
20151007 0.2592
20151008 0.2592
20151009 0.2419
20151010 0.3283
20151011 0.3888
20151012 0.3974
20151013 0.3542
20151014 0.3629
20151015 0.3542
20151016 0.3802
20151017 0.3456
20151018 0.3456
20151019 0.3802
20151020 0.432
20151021 0.4147
20151022 0.4234
20151023 0.3974
20151024 0.3974
20151025 0.3802
20151026 0.3888
20151027 0.3456
20151028 0.3974
20151029 0.3802
20151030 0.3802
20151031 0.432
20151101 0.4666
20151102 0.2678
20151103 0.2851
20151104 0.2678
20151105 0.2678
20151106 0.1814
20151107 0.2765
20151108 0.2592
20151109 0.5357
20151110 0.3802
20151111 0.337
20151112 0.4147
20151113 0.4147
20151114 0.4061
20151115 0.3974
20151116 0.4147
20151117 0.337
20151118 0.2938
20151119 0.2938
20151120 0.2246
20151121 0.1814
20151122 0.1987
20151123 0.2765
20151124 0.216
20151125 0.2419
20151126 0.2765
20151127 0.2419
20151128 0.2419
20151129 0.2592
20151130 0.3283
20151201 0.2246
20151202 0.2246
20151203 0.1987
20151204 0.1901
20151205 0.1555
20151206 0.2592
20151207 0.3888
20151208 0.4234
20151209 0.3629
20151210 0.3456
20151211 0.337
20151212 0.3715
20151213 0.3802
20151214 0.4752
20151215 0.3974
20151216 0.3802
20151217 0.4061
20151218 0.3456
20151219 0.3456
20151220 0.3629
20151221 0.3974
20151222 0.432
20151223 0.3802
20151224 0.4406
20151225 0.4579
20151226 0.4925
20151227 0.4234
20151228 0.2333
20151229 0.1901
20151230 0.1987
20151231 0.311
20160101 0.337
20160102 0.2074
20160103 0.2851
20160104 0.3715
20160105 0.4147
20160106 0.3715
20160107 0.3456
20160108 0.3802
20160109 0.3802
20160110 0.3456
20160111 0.1555
20160112 0.1987
20160113 0.1728
20160114 0.1814
20160115 0.1814
20160116 0.2765
20160117 0.2246
20160118 0.3715
20160119 0.3283
20160120 0.3456
20160121 0.3542
20160122 0.3024
20160123 0.3024
20160124 0.3456
20160125 0.432
20160126 0.4061
20160127 0.3542
20160128 0.3715
20160129 0.3888
20160130 0.4493
20160131 0.432
20160201 0.2938
20160202 0.2419
20160203 0.2851
20160204 0.2678
20160205 0.2419
20160206 0.2333
20160207 0.2246
20160208 0.1987
20160209 0.1901
20160210 0.216
20160211 0.1987
20160212 0.1987
20160213 0.121
20160214 0.2419
20160215 0.1642
20160216 0.1382
20160217 0.1296
20160218 0.1123
20160219 0.0605
20160220 0.0605
20160221 0.1469
20160222 0.1382
20160223 0.1642
20160224 0.2074
20160225 0.0864
20160226 0.1728
20160227 0.121
20160228 0.0605
20160229 0.216
20160301 0.0605
20160302 0.0432
20160303 0.1987
20160304 0.095
20160305 0.121
20160306 0.1901
20160307 0.1296
20160308 0.1382
20160309 0.0778
20160310 0.1382
20160311 0.0518
20160312 0.1037
20160313 0.1296
20160314 0.0518
20160315 0.0518
20160316 0.0432
20160317 0.121
20160318 0.0259
20160319 0.0778
20160320 0.1037
20160321 -0.0086
20160322 -0.0173
20160323 0.1469
20160324 0.095
20160325 0.0173
20160326 0.0
20160327 0.0173
20160328 0.0173
20160329 0.121
20160330 0.1123
20160331 0.1123
20160401 0.1123
20160402 0.121
20160403 0.0605
20160404 0.0173
20160405 -0.0086
20160406 0.0173
20160407 0.0346
20160408 0.0778
20160409 0.0778
20160410 0.0259
20160411 0.1382
20160412 0.0432
20160413 0.0518
20160414 0.0173
20160415 0.0518
20160416 0.0346
20160417 0.0518
20160418 0.095
20160419 0.0432
20160420 0.0864
20160421 0.0346
20160422 0.0346
20160423 0.0346
20160424 0.1037
20160425 0.1728
20160426 0.121
20160427 0.1555
20160428 0.1987
20160429 0.0518
20160430 0.1037
20160501 0.1037
20160502 0.0778
20160503 0.0864
20160504 0.0691
20160505 0.0173
20160506 -0.0086
20160507 0.0518
20160508 0.0605
20160509 0.0605
20160510 0.0346
20160511 0.0605
20160512 0.0778
20160513 0.0605
20160514 0.0518
20160515 0.0346
20160516 0.0346
20160517 0.1123
20160518 0.1123
20160519 0.1123
20160520 0.0173
20160521 0.0518
20160522 0.0605
20160523 0.0691
20160524 0.0778
20160525 -0.0173
20160526 0.0173
20160527 0.0778
20160528 0.0432
20160529 -0.0086
20160530 0.121
20160531 0.1642
20160601 0.0864
20160602 0.0778
20160603 0.0864
20160604 -0.0086
20160605 0.0778
20160606 0.1814
20160607 0.1382
20160608 0.2938
20160609 0.1728
20160610 0.1901
20160611 0.1814
20160612 0.2592
20160613 0.1728
20160614 0.121
20160615 0.1296
20160616 0.095
20160617 0.2074
20160618 0.1728
20160619 0.1642
20160620 0.4234
20160621 0.3197
20160622 0.216
20160623 0.1469
20160624 0.1382
20160625 0.1469
20160626 0.1555
20160627 0.2765
20160628 0.1037
20160629 0.1814
20160630 0.1382
20160701 0.0691
20160702 0.1037
20160703 0.121
20160704 0.1123
20160705 0.121
20160706 0.121
20160707 0.0778
20160708 0.0864
20160709 0.0691
20160710 0.1987
20160711 0.121
20160712 0.0173
20160713 0.0778
20160714 0.0346
20160715 0.0778
20160716 0.0605
20160717 0.0432
20160718 0.0864
20160719 0.0778
20160720 0.0864
20160721 0.0691
20160722 0.095
20160723 0.1296
20160724 0.1382
20160725 0.0691
20160726 0.0432
20160727 0.0346
20160728 0.0518
20160729 0.0346
20160730 0.0346
20160731 0.0346
20160801 0.1123
20160802 -0.0173
20160803 0.095
20160804 0.0864
20160805 0.0
20160806 0.0778
20160807 0.0778
20160808 0.0432
20160809 0.1123
20160810 0.121
20160811 0.0778
20160812 0.121
20160813 0.1037
20160814 0.1728
20160815 0.2074
20160816 0.1382
20160817 0.1469
20160818 0.1814
20160819 0.0778
20160820 0.1642
20160821 0.2506
20160822 0.1123
20160823 0.095
20160824 0.1642
20160825 0.1555
20160826 0.1123
20160827 0.0432
20160828 0.1123
20160829 -0.095
20160830 -0.1123
20160831 -0.1642
20160901 -0.1555
20160902 -0.095
20160903 -0.095
20160904 -0.1469
20160905 -0.1901
20160906 -0.2333
20160907 -0.1987
20160908 -0.1987
20160909 -0.2506
20160910 -0.1987
20160911 -0.2246
20160912 0.2506
20160913 0.1814
20160914 0.2333
20160915 0.2333
20160916 0.1728
20160917 0.2333
20160918 0.1987
20160919 0.2592
20160920 0.1814
20160921 0.216
20160922 0.1987
20160923 0.2246
20160924 0.1814
20160925 0.1642
20160926 0.5962
20160927 0.6653
20160928 0.5875
20160929 0.6653
20160930 0.6394
20161001 0.6394
20161002 0.7517
20161003 0.1296
20161004 0.0605
20161005 0.1728
20161006 0.0864
20161007 0.0864
20161008 0.8035
20161009 0.7862
20161010 0.3197
20161011 0.3197
20161012 0.2765
20161013 0.2678
20161014 0.2938
20161015 0.3024
20161016 0.2678
20161017 0.1037
20161018 0.0173
20161019 0.0864
20161020 0.0605
20161021 0.0691
20161022 0.0864
20161023 0.0173
20161024 0.1987
20161025 0.1642
20161026 0.2592
20161027 0.2246
20161028 0.3283
20161029 0.2074
20161030 0.2246
20161031 0.3802
20161101 0.3888
20161102 0.3542
20161103 0.4061
20161104 1.0973
20161105 1.0973
20161106 1.08
20161107 0.3888
20161108 0.4061
20161109 0.3802
20161110 0.4147
20161111 0.337
20161112 0.4406
20161113 0.3283
20161114 0.3802
20161115 0.3197
20161116 0.3802
20161117 0.3802
20161118 0.4666
20161119 0.3629
20161120 0.3715
20161121 0.337
20161122 0.3802
20161123 0.3802
20161124 0.3715
20161125 0.3802
20161126 0.2938
20161127 0.4061
20161128 0.3715
20161129 0.3715
20161130 0.432
20161201 0.3456
20161202 0.337
20161203 0.3888
20161204 0.3024
20161205 0.1037
20161206 0.0778
20161207 0.0864
20161208 0.1037
20161209 0.0259
20161210 0.095
20161211 0.0605
20161212 0.3456
20161213 0.4061
20161214 0.3974
20161215 0.3802
20161216 0.3802
20161217 0.4147
20161218 0.3715
20161219 0.3888
20161220 0.311
20161221 0.3629
20161222 0.3456
20161223 0.2938
20161224 0.3283
20161225 0.3715
20161226 0.3974
20161227 0.3456
20161228 0.4147
20161229 0.4493
20161230 0.3802
20161231 0.6221
20170101 0.4406
20170102 0.337
20170103 0.3542
20170104 0.3974
20170105 0.4234
20170106 0.4147
20170107 0.4234
20170108 0.3629
20170109 0.337
20170110 0.3197
20170111 0.4061
20170112 0.3715
20170113 0.337
20170114 0.3715
20170115 0.3456
20170116 0.2765
20170117 0.3197
20170118 0.985
20170119 0.2419
20170120 0.2938
20170121 0.2246
20170122 0.2851
20170123 0.2333
20170124 0.3715
20170125 0.2592
20170126 0.2592
20170127 0.216
20170128 0.2592
20170129 0.2333
20170130 0.2246
20170131 0.1901
20170201 0.2333
20170202 0.2851
20170203 0.1728
20170204 0.1987
20170205 0.2074
20170206 0.2765
20170207 0.216
20170208 0.2765
20170209 0.1728
20170210 0.2678
20170211 0.2506
20170212 0.2419
20170213 0.1382
20170214 0.1296
20170215 0.1296
20170216 0.1469
20170217 0.1296
20170218 0.1728
20170219 0.1555
20170220 0.1382
20170221 0.2678
20170222 0.1642
20170223 0.1469
20170224 0.1728
20170225 0.1901
20170226 0.1642
20170227 0.2592
20170228 0.2333
20170301 0.2074
20170302 0.2765
20170303 0.2678
20170304 0.1901
20170305 0.2678
20170306 0.1382
20170307 0.2074
20170308 0.1296
20170309 0.1814
20170310 0.2506
20170311 0.1037
20170312 0.311
20170313 0.0864
20170314 0.0518
20170315 0.095
20170316 0.1296
20170317 0.095
20170318 0.1555
20170319 0.1123
20170320 0.1382
20170321 0.1037
20170322 0.1728
20170323 0.2074
20170324 0.1037
20170325 0.1123
20170326 0.216
20170327 0.095
20170328 0.0259
20170329 0.0691
20170330 0.1123
20170331 0.0173
20170401 0.0864
20170402 0.0432
20170403 0.1296
20170404 0.0346
20170405 0.0864
20170406 0.1037
20170407 0.1037
20170408 0.0864
20170409 0.1296
20170410 0.0778
20170411 0.1642
20170412 0.1382
20170413 0.121
20170414 0.0518
20170415 0.0432
20170416 0.121
20170417 0.1814
20170418 0.2074
20170419 0.0778
20170420 0.1382
20170421 0.0864
20170422 0.1123
20170423 0.121
20170424 0.0259
20170425 0.121
20170426 0.0778
20170427 0.0864
20170428 0.1555
20170429 0.1296
20170430 0.0605
20170501 0.1123
20170502 0.0518
20170503 -0.0086
20170504 0.0605
20170505 0.0778
20170506 0.0864
20170507 0.0518
20170508 -0.4838
20170509 -0.4493
20170510 -0.4666
20170511 -0.4234
20170512 -0.4406
20170513 -0.432
20170514 -0.3802
20170515 0.4061
20170516 0.4147
20170517 0.3542
20170518 0.337
20170519 0.3629
20170520 0.3542
20170521 0.4147
20170522 0.4147
20170523 0.3888
20170524 0.4666
20170525 0.4061
20170526 0.3715
20170527 0.3715
20170528 0.4147
20170529 0.216
20170530 0.2592
20170531 0.2938
20170601 0.2765
20170602 0.2419
20170603 0.2678
20170604 0.2765
20170605 0.3024
20170606 0.2765
20170607 0.3024
20170608 0.3888
20170609 0.2592
20170610 0.3024
20170611 0.2333
20170612 0.5011
20170613 0.2938
20170614 0.3456
20170615 0.3802
20170616 0.3542
20170617 0.3888
20170618 0.311
20170619 0.5702
20170620 0.743
20170621 0.743
20170622 0.743
20170623 0.6739
20170624 0.3024
20170625 0.337
20170626 0.5098
20170627 0.553
20170628 0.5098
20170629 0.5184
20170630 0.3802
20170701 0.3888
20170702 0.311
20170703 0.4234
20170704 0.4234
20170705 0.3456
20170706 0.432
20170707 0.4147
20170708 0.4147
20170709 0.3974
20170710 0.337
20170711 0.2938
20170712 0.4061
20170713 0.3024
20170714 0.2851
20170715 0.3888
20170716 0.2678
20170717 0.4666
20170718 0.3542
20170719 0.3715
20170720 0.4234
20170721 0.4406
20170722 0.3542
20170723 0.3888
20170724 0.3283
20170725 0.3974
20170726 0.3802
20170727 0.311
20170728 0.3283
20170729 0.3542
20170730 0.3629
20170731 0.337
20170801 0.311
20170802 0.432
20170803 0.4493
20170804 0.3888
20170805 0.4147
20170806 0.3888
20170807 0.6394
20170808 0.5184
20170809 0.3888
20170810 0.4406
20170811 0.4147
20170812 0.3456
20170813 0.3802
20170814 0.2419
20170815 0.3629
20170816 0.3802
20170817 0.3629
20170818 0.3802
20170819 0.2851
20170820 0.4666
20170821 0.3974
20170822 0.337
20170823 0.3974
20170824 0.311
20170825 0.337
20170826 0.3456
20170827 0.337
20170828 0.6739
20170829 0.8294
20170830 0.7949
20170831 0.8294
20170901 0.6394
20170902 0.3197
20170903 0.2938
20170904 0.527
20170905 0.5011
20170906 0.4666
20170907 0.5616
20170908 0.3456
20170909 0.3802
20170910 0.3802
20170911 0.4493
20170912 0.3802
20170913 0.3629
20170914 0.3802
20170915 0.4493
20170916 0.3715
20170917 0.3283
20170918 0.3283
20170919 0.4147
20170920 0.3802
20170921 0.432
20170922 0.3888
20170923 0.3542
20170924 0.4147
20170925 0.3629
20170926 0.3629
20170927 0.3456
20170928 0.3974
20170929 0.3456
20170930 0.3715
20171001 0.3802
20171002 0.311
20171003 0.432
20171004 0.3629
20171005 0.3888
20171006 0.4234
20171007 0.3629
20171008 0.3715
20171009 0.3888
20171010 0.4147
20171011 0.3974
20171012 0.4061
20171013 0.3629
20171014 0.3888
20171015 0.3974
20171016 0.3283
20171017 0.4147
20171018 1.1059
20171019 1.1059
20171020 1.0973
20171021 0.3715
20171022 0.3974
20171023 0.4234
20171024 0.432
20171025 0.3974
20171026 0.4061
20171027 0.3629
20171028 0.432
20171029 0.3542
20171030 0.432
20171031 0.432
20171101 0.3802
20171102 0.3974
20171103 0.432
20171104 0.4147
20171105 0.3283
20171106 0.3802
20171107 0.3715
20171108 0.3715
20171109 0.3888
20171110 0.4061
20171111 0.3888
20171112 0.4147
20171113 0.3283
20171114 0.3888
20171115 0.3715
20171116 0.3715
20171117 0.3974
20171118 0.3802
20171119 0.4061
20171120 0.3456
20171121 0.3888
20171122 0.3715
20171123 0.337
20171124 0.3802
20171125 0.3802
20171126 0.3715
20171127 0.4838
20171128 0.311
20171129 0.4406
20171130 0.4147
20171201 0.4493
20171202 0.3542
20171203 0.432
20171204 0.4838
20171205 0.4234
20171206 0.4579
20171207 0.3802
20171208 0.4234
20171209 0.3974
20171210 0.4234
20171211 0.4925
20171212 0.4061
20171213 0.3802
20171214 0.4579
20171215 0.4234
20171216 0.4406
20171217 0.4493
20171218 0.432
20171219 0.4147
20171220 0.4752
20171221 0.4493
20171222 0.3283
20171223 0.432
20171224 0.5098
20171225 0.4493
20171226 0.4234
20171227 0.4061
20171228 0.3197
20171229 0.4147
20171230 0.2938
20171231 0.4147
20180101 0.2765
20180102 0.2678
20180103 0.2246
20180104 0.2419
20180105 0.2074
20180106 0.2592
20180107 0.2419
20180108 0.3024
20180109 0.2592
20180110 0.2938
20180111 0.2678
20180112 0.3024
20180113 0.2678
20180114 0.3888
20180115 0.0605
20180116 0.7603
20180117 0.743
20180118 -0.0173
20180119 0.1296
20180120 0.0691
20180121 0.0864
20180122 0.3197
20180123 0.2506
20180124 0.1987
20180125 0.1296
20180126 0.1123
20180127 0.0346
20180128 0.0864
20180129 0.0432
20180130 0.0086
20180131 0.3197
20180201 0.1296
20180202 -0.0432
20180203 -0.0432
20180204 0.0864
20180205 0.1037
20180206 0.1123
20180207 0.0778
20180208 0.1037
20180209 0.095
20180210 0.0432
20180211 0.0346
20180212 0.0691
20180213 0.0518
20180214 0.0605
20180215 0.0605
20180216 0.0346
20180217 0.0518
20180218 0.0778
20180219 0.0346
20180220 0.0778
20180221 0.095
20180222 0.0778
20180223 0.0346
20180224 0.0086
20180225 0.1296
20180226 0.121
20180227 0.0691
20180228 0.0864
20180301 0.1296
20180302 0.0173
20180303 0.0691
20180304 0.0691
20180305 -0.0432
20180306 -0.0691
20180307 -0.0346
20180308 -0.0518
20180309 -0.0259
20180310 -0.0778
20180311 -0.0086
20180312 0.0173
20180313 0.121
20180314 0.0173
20180315 0.0173
20180316 0.0346
20180317 -0.0086
20180318 0.0173
20180319 -0.0259
20180320 -0.0086
20180321 0.0432
20180322 -0.0605
20180323 -0.0346
20180324 0.0346
20180325 0.0
20180326 0.1037
20180327 0.0518
20180328 0.1123
20180329 0.1296
20180330 0.1123
20180331 0.0691
20180401 0.1728
20180402 0.1469
20180403 0.1469
20180404 0.1901
20180405 0.1814
20180406 0.121
20180407 0.1037
20180408 0.2074
20180409 0.1555
20180410 0.121
20180411 0.1555
20180412 0.1728
20180413 0.1901
20180414 0.1123
20180415 0.1296
20180416 0.0432
20180417 0.0778
20180418 0.3888
20180419 0.1123
20180420 0.0691
20180421 0.095
20180422 0.0864
20180423 0.0518
20180424 -0.0691
20180425 0.0346
20180426 0.0346
20180427 -0.0173
20180428 -0.0259
20180429 0.0605
20180430 0.0259
20180501 -0.0432
20180502 0.0086
20180503 0.095
20180504 0.0259
20180505 0.0432
20180506 0.0518
20180507 0.1555
20180508 0.0778
20180509 0.1728
20180510 0.1469
20180511 0.1382
20180512 0.1555
20180513 0.1382
20180514 0.0864
20180515 0.1555
20180516 0.1382
20180517 0.2074
20180518 0.1728
20180519 0.0864
20180520 0.095
20180521 -0.0346
20180522 -0.1296
20180523 -0.0778
20180524 -0.0605
20180525 -0.0778
20180526 -0.1382
20180527 -0.0259
20180528 0.5357
20180529 0.5443
20180530 0.2851
20180531 0.2678
20180601 0.2938
20180602 0.2938
20180603 0.337
20180604 0.2938
20180605 0.2333
20180606 0.3024
20180607 0.2333
20180608 0.2592
20180609 0.2074
20180610 0.2506
20180611 0.1037
20180612 0.1555
20180613 0.1901
20180614 0.121
20180615 0.2765
20180616 0.1123
20180617 0.1814
20180618 0.311
20180619 0.2333
20180620 0.2506
20180621 0.2419
20180622 0.1469
20180623 0.1987
20180624 0.1814
20180625 0.2765
20180626 0.3024
20180627 0.2678
20180628 0.3024
20180629 0.1814
20180630 0.2678
20180701 0.2938
20180702 0.1555
20180703 0.1901
20180704 0.2246
20180705 0.2074
20180706 0.1037
20180707 0.1382
20180708 0.1728
20180709 0.1555
20180710 0.1037
20180711 0.2506
20180712 0.1728
20180713 0.1382
20180714 0.1382
20180715 0.1037
20180716 0.4666
20180717 0.3802
20180718 0.4147
20180719 0.3629
20180720 0.3542
20180721 0.4147
20180722 0.4752
20180723 0.3888
20180724 0.3888
20180725 0.432
20180726 0.3024
20180727 0.3456
20180728 0.337
20180729 0.3629
20180730 0.3802
20180731 0.3197
20180801 0.4147
20180802 0.3802
20180803 0.3974
20180804 0.4147
20180805 0.4147
20180806 0.3974
20180807 0.3456
20180808 0.4234
20180809 0.4579
20180810 0.4925
20180811 0.4579
20180812 0.3542
20180813 0.337
20180814 0.2765
20180815 0.3888
20180816 0.3888
20180817 0.4234
20180818 0.3283
20180819 0.3715
20180820 0.1814
20180821 0.0864
20180822 0.1901
20180823 0.095
20180824 0.121
20180825 0.1296
20180826 0.1382
20180827 0.3715
20180828 0.3542
20180829 0.432
20180830 0.4061
20180831 0.3888
20180901 0.3715
20180902 0.4666
20180903 0.553
20180904 0.4406
20180905 0.4234
20180906 0.3802
20180907 0.3715
20180908 0.3197
20180909 0.3715
20180910 0.3974
20180911 0.3802
20180912 0.4406
20180913 0.3888
20180914 0.3283
20180915 0.3974
20180916 0.3283
20180917 0.5962
20180918 0.553
20180919 0.5702
20180920 0.3542
20180921 0.3888
20180922 0.3974
20180923 0.3802
20180924 0.4147
20180925 0.337
20180926 0.3888
20180927 0.3542
20180928 0.337
20180929 0.3974
20180930 0.3542
20181001 0.3888
20181002 0.5184
20181003 0.3456
20181004 0.4838
20181005 0.4406
20181006 0.3629
20181007 0.3888
20181008 0.4666
20181009 0.3888
20181010 0.4406
20181011 0.4061
20181012 0.3542
20181013 0.3542
20181014 0.3974
20181015 0.3974
20181016 0.3542
20181017 0.4666
20181018 0.3888
20181019 0.4147
20181020 0.3974
20181021 0.3888
20181022 0.3974
20181023 0.4147
20181024 0.432
20181025 0.4234
20181026 0.4061
20181027 0.4147
20181028 0.4147
20181029 0.4234
20181030 0.4234
20181031 0.4752
20181101 0.3629
20181102 0.2851
20181103 0.4406
20181104 0.3802
20181105 0.3802
20181106 0.4406
20181107 0.4493
20181108 0.3715
20181109 0.2938
20181110 0.3715
20181111 0.4234
20181112 0.4234
20181113 0.3974
20181114 0.3802
20181115 0.4406
20181116 0.4406
20181117 0.311
20181118 0.4147
20181119 0.3629
20181120 0.4666
20181121 0.3974
20181122 0.3283
20181123 0.3197
20181124 0.432
20181125 0.4147
20181126 0.432
20181127 0.4493
20181128 0.4061
20181129 0.3456
20181130 0.4493
20181201 0.3715
20181202 0.4666
20181203 0.4666
20181204 0.4061
20181205 0.4406
20181206 0.4838
20181207 0.3542
20181208 0.4406
20181209 0.3802
20181210 0.4493
20181211 0.4061
20181212 0.4925
20181213 0.4406
20181214 0.432
20181215 0.3802
20181216 0.4406
20181217 0.3629
20181218 0.337
20181219 0.4579
20181220 0.337
20181221 0.432
20181222 0.3888
20181223 0.4406
20181224 0.4234
20181225 0.4925
20181226 0.4579
20181227 0.4925
20181228 0.4406
20181229 0.4234
20181230 0.3974
20181231 0.5443
